Voltage_measured,Current_measured,Temperature_measured,Current_charge,Voltage_charge,Time,SoC,SoH
3.695080858803428,-0.0068577779216592,28.06387387176251,0.0,-0.007,0.0,-0.0,73.22405762888955
3.2075764888454104,-3.487992456318437,28.02980408899827,-3.472,1.423,2.514999999999999,-0.1663900065334818,73.22405762888955
3.876636956039835,1.5150239792655134,28.095236451828523,1.507,4.651,10.672,0.06801327185468203,73.22405762888955
3.901849881557981,1.512928214839076,28.169279564378485,1.507,4.683,18.75,0.29982525557248374,73.22405762888955
3.913956996600773,1.511962549145888,28.194152069248435,1.507,4.694,27.14,0.5404369365423223,73.22405762888955
3.9213668409196702,1.513732624451415,28.183468452167123,1.507,4.699,35.156,0.7705920308007154,73.22405762888955
3.927745269708525,1.5121299753406552,28.178039449273097,1.507,4.705,43.187000000000005,1.0009336741455084,73.22405762888955
3.933025998064672,1.5127881449010427,28.137910521369527,1.507,4.71,51.203,1.2309451652494012,73.22405762888955
3.9379366091644714,1.513833014054237,28.10084634514129,1.507,4.716,59.203,1.460656101347384,73.22405762888955
3.942491551429874,1.51365139631296,28.069788007886928,1.507,4.721,67.234,1.6912295016262329,73.22405762888955
3.946751782665741,1.510481339743041,28.03447570798841,1.507,4.726,75.234,1.9204318504253706,73.22405762888955
3.950933547258036,1.5127389011311811,28.004303485304764,1.507,4.726,83.25,2.150435854272722,73.22405762888955
3.954764262428269,1.513187196311011,27.982702542114705,1.507,4.732,91.265,2.3804793174300136,73.22405762888955
3.958395688918367,1.5119328021659997,27.951197031907448,1.507,4.737,99.281,2.610360758163962,73.22405762888955
3.9619598550489536,1.512165531166363,27.922485477363654,1.507,4.737,107.344,2.8416256493419905,73.22405762888955
3.965584448082407,1.5122545915387386,27.89975524409948,1.507,4.743,115.344,3.0710970736112397,73.22405762888955
3.9686852165701527,1.512584329701857,27.86175584004979,1.507,4.743,123.359,3.3010488855022966,73.22405762888955
3.971729663290374,1.5125632263044424,27.84718870160869,1.507,4.748,131.375,3.531026178915022,73.22405762888955
3.974526606916165,1.5120117950048753,27.811465260742917,1.507,4.748,139.39,3.760890950772438,73.22405762888955
3.977080277713441,1.5153487359163706,27.785534980089125,1.507,4.753,147.359,3.989940863304821,73.22405762888955
3.98013783264664,1.512991830333807,27.756194273894558,1.507,4.759,155.344,4.219093688445313,73.22405762888955
3.982457918025677,1.5137733031473748,27.739592786357612,1.507,4.759,163.328,4.4483361601837945,73.22405762888955
3.985443441207276,1.513248482198689,27.72275455357216,1.507,4.764,171.328,4.677958398678758,73.22405762888955
3.987850227636783,1.5115583667905126,27.69201738093744,1.507,4.764,179.328,4.907324176924196,73.22405762888955
3.9902988600725946,1.512740873529145,27.66801495993454,1.507,4.77,187.312,5.136410299811043,73.22405762888955
3.992756557801811,1.5130811090497605,27.64989981225164,1.507,4.77,195.312,5.366007140892712,73.22405762888955
3.995057048612573,1.511462046312243,27.630303335534823,1.507,4.77,203.312,5.59535830334696,73.22405762888955
3.997356838506647,1.5099678568270636,27.598347065510666,1.507,4.77,211.312,5.824482735599026,73.22405762888955
3.999437351408364,1.5148020278055352,27.58848662211724,1.507,4.775,219.297,6.053909727365136,73.22405762888955
4.001441733054887,1.5135749293108054,27.55623804974953,1.507,4.78,227.312,6.284012135933987,73.22405762888955
4.00343612483782,1.5125611977550348,27.533223812095216,1.507,4.78,235.297,6.513099738863729,73.22405762888955
4.005675432644971,1.513630212973691,27.52637269265786,1.507,4.78,243.312,6.743210551974527,73.22405762888955
4.0071721354886325,1.5136657167836252,27.50183327226501,1.507,4.786,251.312,6.9728961021730855,73.22405762888955
4.009255793512383,1.5126950914772526,27.47994048488416,1.507,4.786,259.297,7.202003984210818,73.22405762888955
4.010819709171016,1.5132768396611678,27.459861171381824,1.507,4.786,267.297,7.431630525703002,73.22405762888955
4.012601809310735,1.513566769036336,27.445959596748324,1.507,4.786,275.265,7.660382379302279,73.22405762888955
4.013962991908229,1.5133090169448036,27.42618217172151,1.507,4.791,283.281,7.890473066264406,73.22405762888955
4.015516516995192,1.5128258875824072,27.41607615428308,1.507,4.791,291.265,8.119572063490931,73.22405762888955
4.016841882172729,1.5130242086481656,27.40205651958932,1.507,4.791,299.25,8.348729792545683,73.22405762888955
4.018459686041498,1.5127122521341168,27.384082841593024,1.507,4.797,307.297,8.579619215425296,73.22405762888955
4.019813777101922,1.512464393532882,27.36307218885194,1.507,4.797,315.265,8.808204462274915,73.22405762888955
4.02112078300278,1.5134818855962322,27.34574799636586,1.507,4.797,323.281,9.038321433007452,73.22405762888955
4.022267077727221,1.5125103802496496,27.33197130602046,1.507,4.797,331.265,9.267372650503248,73.22405762888955
4.023506046938888,1.5127797688902196,27.32422160898303,1.507,4.802,339.265,9.496923765848003,73.22405762888955
4.024512924297649,1.5136344993166468,27.304686379193388,1.507,4.802,347.281,9.727063940695084,73.22405762888955
4.0257578404867616,1.51121373017644,27.29089041727626,1.507,4.802,355.281,9.95637742334484,73.22405762888955
4.026712102380445,1.5123637209671932,27.28166303162752,1.507,4.802,363.297,10.186324383018993,73.22405762888955
4.0277868684402245,1.5101214800138232,27.269978254986444,1.507,4.807,371.297,10.415472126247707,73.22405762888955
4.028923539267152,1.5132633760141048,27.258017849399696,1.507,4.807,379.39,10.647766009544135,73.22405762888955
4.029931595466344,1.5132560751048896,27.24903242172876,1.507,4.807,387.375,10.876958856338817,73.22405762888955
4.030687802284381,1.5129318633078954,27.23604665030609,1.507,4.807,395.375,11.106533050682863,73.22405762888955
4.03176267180901,1.5129509168477977,27.222188602256,1.507,4.807,403.344,11.335220525028637,73.22405762888955
4.032770590169072,1.5127585959698475,27.22002421548896,1.507,4.807,411.359,11.565198829884938,73.22405762888955
4.033440412839068,1.5121866583168897,27.213924872039232,1.507,4.807,419.359,11.79465994588119,73.22405762888955
4.034532331110264,1.5134542379467786,27.196110695266857,1.507,4.807,427.344,12.02388280577584,73.22405762888955
4.035168028365892,1.5130166266236262,27.191256515295837,1.507,4.813,435.328,12.253010688099742,73.22405762888955
4.036131987002766,1.5102189246637268,27.180123614446757,1.507,4.813,443.375,12.483519547564287,73.22405762888955
4.037104696540821,1.5107624639385715,27.182104206926848,1.507,4.813,451.437,12.714541203308178,73.22405762888955
4.037904778348904,1.5132765116435418,27.1690395379827,1.507,4.813,459.469,12.945086200993424,73.22405762888955
4.038789418624591,1.5108349907736642,27.151316330789676,1.507,4.813,467.484,13.174772068270189,73.22405762888955
4.0396592326431415,1.5125492596703016,27.14234657753705,1.507,4.818,475.469,13.403857863096416,73.22405762888955
4.040712940820466,1.5124698727659565,27.141634907226127,1.507,4.818,483.453,13.63290294622872,73.22405762888955
4.041437841197234,1.5143546570643187,27.12788863987684,1.507,4.818,491.469,13.863152617278512,73.22405762888955
4.042293661010634,1.5108058267713118,27.124193145503533,1.507,4.818,499.453,14.091945700975955,73.22405762888955
4.043185551299072,1.5127117312207958,27.11888702182295,1.507,4.818,507.437,14.321027410616258,73.22405762888955
4.0440099704218,1.5124255191063651,27.114516322110497,1.507,4.824,515.422,14.550094464098853,73.22405762888955
4.045023168449455,1.5129909839289843,27.10478239060077,1.507,4.824,523.422,14.779677629480714,73.22405762888955
4.04573292611815,1.5126045769236796,27.10484400742273,1.507,4.824,531.422,15.0092021609749,73.22405762888955
4.046896699463265,1.5114272759794658,27.099196988743763,1.507,4.824,539.453,15.239436762644523,73.22405762888955
4.047728225450643,1.5127421454905683,27.091220210954805,1.507,4.824,547.437,15.468523078154387,73.22405762888955
4.048659762683534,1.5138350676906187,27.089692082832254,1.507,4.824,555.469,15.69915317086463,73.22405762888955
4.049561649495711,1.5113511182071837,27.09013452544976,1.507,4.829,563.484,15.92891750281683,73.22405762888955
4.05067683802285,1.512618683230522,27.076625973327392,1.507,4.829,571.469,16.158013812309854,73.22405762888955
4.051684027321781,1.5123222957824416,27.07181168809312,1.507,4.829,579.469,16.387495510106667,73.22405762888955
4.052557348559027,1.5119743667089065,27.078878175457767,1.507,4.829,587.469,16.61692441270584,73.22405762888955
4.053299783330827,1.512434028534884,27.072871068532464,1.507,4.829,595.515,16.847742682222343,73.22405762888955
4.054407722623117,1.5119951313130606,27.06308321130484,1.507,4.829,603.5,17.076744550568602,73.22405762888955
4.05538263975952,1.5149048052699674,27.06671044572017,1.507,4.829,611.547,17.307968628851086,73.22405762888955
4.056456122575501,1.5132547373627876,27.0651672469768,1.507,4.834,619.547,17.537591816512567,73.22405762888955
4.057343258330052,1.5123610037314523,27.060743073035805,1.507,4.834,627.531,17.766620412759735,73.22405762888955
4.058437350751077,1.5112500176582715,27.057572539837054,1.507,4.834,635.515,17.99548076373996,73.22405762888955
4.05936315333257,1.5116073465469952,27.059972932721585,1.507,4.834,643.547,18.225771467077575,73.22405762888955
4.060642285572548,1.513591272907298,27.061616614644592,1.507,4.834,651.515,18.45452702405223,73.22405762888955
4.061178324508703,1.5131321851382724,27.0586406102933,1.507,4.84,659.547,18.68505003384989,73.22405762888955
4.06230333767499,1.5117309548248328,27.05288735677017,1.507,4.84,667.531,18.91398321688798,73.22405762888955
4.063333375217576,1.5134424456286009,27.047755518671664,1.507,4.84,675.547,19.14409419098061,73.22405762888955
4.064186381718403,1.5120943348291886,27.050882923266094,1.507,4.84,683.515,19.37262350926722,73.22405762888955
4.065323064508754,1.512300627336059,27.05451729234545,1.507,4.84,691.531,19.602560875886173,73.22405762888955
4.066170710992132,1.5136613680150537,27.05883042458539,1.507,4.84,699.515,19.83178639641647,73.22405762888955
4.067208359150992,1.5119474797003332,27.06296879890085,1.507,4.845,707.531,20.061670068792413,73.22405762888955
4.068272673630446,1.5141975252002422,27.06010011776208,1.507,4.845,715.515,20.29097678377773,73.22405762888955
4.069026650477218,1.5153918152644132,27.052058581131234,1.507,4.845,723.5,20.520493102835452,73.22405762888955
4.069803130252181,1.5136208660761552,27.05392082229904,1.507,4.845,731.484,20.749712489841947,73.22405762888955
4.071080602727608,1.5118976049695192,27.045837287443927,1.507,4.845,739.469,20.978699587165185,73.22405762888955
4.072055801880113,1.5124682305129864,27.055890437392517,1.507,4.851,747.469,21.208203429282573,73.22405762888955
4.072736712749173,1.512086664588475,27.05951603981344,1.507,4.851,755.453,21.43719048021837,73.22405762888955
4.073980430286149,1.514194734493017,27.052925756947783,1.507,4.851,763.422,21.666065961665144,73.22405762888955
4.074672909231004,1.5137446962782808,27.051511791345263,1.507,4.851,771.422,21.89576349631211,73.22405762888955
4.07550690729938,1.513241573238984,27.049942609349703,1.507,4.851,779.406,22.124925444052547,73.22405762888955
4.076490078450648,1.5117510931130131,27.061707724401355,1.507,4.851,787.39,22.353861676788338,73.22405762888955
4.077635068181797,1.512347782928113,27.07352937106685,1.507,4.856,795.39,22.583347242036872,73.22405762888955
4.078293589128087,1.5126822626777428,27.066183536154405,1.507,4.856,803.406,22.813342634304888,73.22405762888955
4.079312782516295,1.511250472945586,27.06247043258493,1.507,4.856,811.39,23.042203054232814,73.22405762888955
4.080089037596705,1.5116167526506312,27.06246969756304,1.507,4.856,819.375,23.27114761457665,73.22405762888955
4.08112880701136,1.5126527331377415,27.06650133304266,1.507,4.856,827.453,23.502917388783754,73.22405762888955
4.081880677358068,1.511503407810902,27.071611911939893,1.507,4.856,835.484,23.733163587559087,73.22405762888955
4.082831705953324,1.5129323762769369,27.070982130191013,1.507,4.861,843.469,23.96230740798136,73.22405762888955
4.083665054284869,1.513120342518719,27.07434441343675,1.507,4.861,851.469,24.191910202399228,73.22405762888955
4.08447480318056,1.5126879565701397,27.06991027950991,1.507,4.861,859.469,24.421447386026422,73.22405762888955
4.085192073589109,1.5118273396852178,27.07374293701034,1.507,4.861,867.484,24.651284115920067,73.22405762888955
4.086459977394572,1.5120125879347883,27.07226415255144,1.507,4.861,875.469,24.880288628189508,73.22405762888955
4.087147096612866,1.5118681787449122,27.072297362829133,1.507,4.867,883.484,25.110131566673044,73.22405762888955
4.08797250474639,1.513270982393157,27.070855626453994,1.507,4.867,891.531,25.3411062700856,73.22405762888955
4.08896063264866,1.5137741888717051,27.07326854820585,1.507,4.867,899.5,25.569918184687662,73.22405762888955
4.089741540902859,1.5134283336537713,27.080915933189317,1.507,4.867,907.547,25.800916905055,73.22405762888955
4.090643467087501,1.5124533365013122,27.083453635233397,1.507,4.867,915.515,26.029500480807894,73.22405762888955
4.09163709826842,1.5126578751539268,27.08796275803948,1.507,4.867,923.531,26.259492165081017,73.22405762888955
4.092287928968958,1.511946010676748,27.100740750685148,1.507,4.867,931.5,26.48802774457571,73.22405762888955
4.093235601744198,1.512107893598118,27.095335518553792,1.507,4.872,939.484,26.71701801038564,73.22405762888955
4.094001104511402,1.5132204709683472,27.10262600013617,1.507,4.872,947.484,26.946635998421094,73.22405762888955
4.0950794367221865,1.510725269860925,27.09227908937598,1.507,4.872,955.453,27.174987058952937,73.22405762888955
4.096096601373113,1.512196550221397,27.106599395695067,1.507,4.872,963.453,27.40444967595929,73.22405762888955
4.096642681097334,1.5101811150392035,27.110580703205905,1.507,4.872,971.437,27.63314815469753,73.22405762888955
4.097684668701066,1.5131270457515342,27.109345989047384,1.507,4.872,979.437,27.86275196627242,73.22405762888955
4.09875727135681,1.5114750654172917,27.116029783174408,1.507,4.878,987.422,28.091675067128406,73.22405762888955
4.099265678914725,1.5116253422753845,27.12087229395167,1.507,4.878,995.453,28.32193984009073,73.22405762888955
4.10015422792012,1.5114409765410737,27.11989408324556,1.507,4.878,1003.437,28.550829109460658,73.22405762888955
4.101107341159608,1.510860859484692,27.123123930796076,1.507,4.878,1011.453,28.78054756694058,73.22405762888955
4.102036731825161,1.510738189860909,27.133511079588512,1.507,4.878,1019.437,29.00933040785432,73.22405762888955
4.102786241191333,1.5115071454345672,27.127931599471445,1.507,4.878,1027.437,29.238688413706427,73.22405762888955
4.103836166197453,1.5119960604449203,27.130051940060685,1.507,4.878,1035.422,29.467690422775977,73.22405762888955
4.104605215422826,1.512295991343967,27.14094061669646,1.507,4.878,1043.422,29.69716812910403,73.22405762888955
4.105414508668237,1.5120772030653005,27.12994919679845,1.507,4.883,1051.406,29.92615374720774,73.22405762888955
4.106584242036255,1.5134714350054648,27.145697760590515,1.507,4.883,1059.437,30.156699734113406,73.22405762888955
4.107466963225057,1.513852327059384,27.143726081001205,1.507,4.883,1067.484,30.387763169757946,73.22405762888955
4.108314719357603,1.5138724225368667,27.155781519733704,1.507,4.883,1075.515,30.6183702387984,73.22405762888955
4.109265888521624,1.5138678282132425,27.15482816576429,1.507,4.883,1083.5,30.847655739730566,73.22405762888955
4.110170946133934,1.5120023476599012,27.16662957201743,1.507,4.888,1091.531,31.077977941644924,73.22405762888955
4.111076331183271,1.512689089679099,27.178050634523284,1.507,4.888,1099.515,31.307056222500375,73.22405762888955
4.111836788386952,1.5127383887857018,27.18358750421685,1.507,4.888,1107.531,31.537060148448283,73.22405762888955
4.11286977447848,1.5153136366991968,27.184148769863903,1.507,4.888,1115.515,31.766535884883655,73.22405762888955
4.113819119674468,1.5121043579379316,27.194376232193104,1.507,4.888,1123.531,31.99644340977158,73.22405762888955
4.114814995836939,1.5102665375429976,27.19559991685626,1.507,4.894,1131.515,32.22515482470435,73.22405762888955
4.115656593558713,1.5128048459628003,27.18801813482751,1.507,4.894,1139.5,32.45427932979973,73.22405762888955
4.116730277380733,1.510437122278215,27.19600479400704,1.507,4.894,1147.5,32.68347496898484,73.22405762888955
4.11767418641338,1.511516297098462,27.20734678210694,1.507,4.894,1155.484,32.91237564473292,73.22405762888955
4.1186533357619375,1.5125077764239017,27.19998203731181,1.507,4.894,1163.469,33.141455156641484,73.22405762888955
4.119642362358613,1.5139611935540496,27.22123450008372,1.507,4.894,1171.469,33.371185542858875,73.22405762888955
4.1204190994508565,1.5124870281690928,27.214719167239725,1.507,4.894,1179.469,33.60069223735638,73.22405762888955
4.121401263769373,1.5112675192593057,27.224209543447337,1.507,4.899,1187.531,33.831791124775805,73.22405762888955
4.122490644080332,1.5117732323354596,27.22870292414341,1.507,4.899,1195.515,34.06073071022635,73.22405762888955
4.1232267152065,1.5130311129626102,27.233706437452,1.507,4.899,1203.515,34.290319964838524,73.22405762888955
4.124427351633712,1.5112065004872244,27.23767342443084,1.507,4.899,1211.5,34.51920238972308,73.22405762888955
4.125512305284032,1.5130678625179557,27.244325315962943,1.507,4.899,1219.515,34.749227711067455,73.22405762888955
4.126297848926809,1.5126416570396917,27.25970900524784,1.507,4.905,1227.5,34.97832750009894,73.22405762888955
4.127316553228248,1.5118128515102882,27.25460833401261,1.507,4.905,1235.5,35.20773189417761,73.22405762888955
4.128670010562664,1.5123772827714932,27.267008800928952,1.507,4.905,1243.484,35.4367629556865,73.22405762888955
4.129566002815335,1.5122508148043032,27.274033233079123,1.507,4.905,1251.484,35.666233806869286,73.22405762888955
4.130455996760154,1.512400834396545,27.274722168121286,1.507,4.91,1259.469,35.89529712168596,73.22405762888955
4.131504848497019,1.511729347853567,27.27575946038289,1.507,4.91,1267.547,36.12692541411464,73.22405762888955
4.132499723615484,1.5120409297889923,27.28747760549969,1.507,4.91,1275.531,36.35590553907384,73.22405762888955
4.133631244748245,1.5122837868926169,27.299649395567144,1.507,4.91,1283.578,36.58672956412766,73.22405762888955
4.134448892142038,1.512494928960849,27.29876223121664,1.507,4.91,1291.547,36.81534811441447,73.22405762888955
4.135786125425048,1.513330117186766,27.309005782453376,1.507,4.91,1299.562,37.04541330522931,73.22405762888955
4.136788771679318,1.5112023549897071,27.312689076050948,1.507,4.915,1307.547,37.274295102250285,73.22405762888955
4.137700515160061,1.5121749549404235,27.319426273439348,1.507,4.915,1315.547,37.5037544423614,73.22405762888955
4.13885060601758,1.5150666910411483,27.327687416198604,1.507,4.915,1323.547,37.73365257816561,73.22405762888955
4.139781524678169,1.5129769442353929,27.33824349440366,1.507,4.915,1331.531,37.96277445107665,73.22405762888955
4.141013926602417,1.5132704175937397,27.336646079161813,1.507,4.921,1339.515,38.1919407669422,73.22405762888955
4.141966084042626,1.5124988652797804,27.3462873637505,1.507,4.921,1347.515,38.42144925761786,73.22405762888955
4.143067408348187,1.5121447625621514,27.35172728175663,1.507,4.921,1355.5,38.65047378862677,73.22405762888955
4.144171318680267,1.5135562923579764,27.353354795104305,1.507,4.921,1363.562,38.881922668956065,73.22405762888955
4.145416098264649,1.5116815446585337,27.366099239736315,1.507,4.921,1371.594,39.11222467624462,73.22405762888955
4.146306352237304,1.513305035824489,27.367361358224137,1.507,4.921,1379.578,39.34139623461826,73.22405762888955
4.147345627742066,1.5119590217422485,27.371170925462227,1.507,4.921,1387.578,39.57082280875277,73.22405762888955
4.148563732905118,1.5121957831027086,27.39296262985621,1.507,4.926,1395.578,39.800285309355566,73.22405762888955
4.149712885901744,1.5147957420961262,27.399528211449447,1.507,4.926,1403.578,40.03014233102419,73.22405762888955
4.150882179904814,1.5117143604161083,27.40375035196424,1.507,4.926,1411.578,40.259531779939664,73.22405762888955
4.151940232273718,1.512867113429966,27.414963170975383,1.507,4.926,1419.562,40.48863702031711,73.22405762888955
4.1529500217616855,1.512704522610672,27.42166925840517,1.507,4.932,1427.547,40.71774633076366,73.22405762888955
4.154337659110751,1.511862242574241,27.435625319431608,1.507,4.932,1435.562,40.947588366796225,73.22405762888955
4.155296867797636,1.5124251566416784,27.42978168975826,1.507,4.932,1443.531,41.17619637076903,73.22405762888955
4.156487279826869,1.5119369109230845,27.439101546882284,1.507,4.932,1451.515,41.40516074334186,73.22405762888955
4.157717658008222,1.5126811882396782,27.45189338456699,1.507,4.932,1459.515,41.634696899934035,73.22405762888955
4.158742640463548,1.5128311228271945,27.46785047875135,1.507,4.937,1467.484,41.86336626702219,73.22405762888955
4.160054430764772,1.51083347440234,27.469638344751637,1.507,4.937,1475.484,42.09262204917987,73.22405762888955
4.161041662975302,1.5120647221507209,27.477048319787414,1.507,4.937,1483.469,42.32163445752822,73.22405762888955
4.162124112776038,1.5105347563318934,27.486613819150747,1.507,4.937,1491.484,42.551274681429916,73.22405762888955
4.163589236108732,1.5120663749721666,27.496705450654755,1.507,4.942,1499.531,42.78206552230561,73.22405762888955
4.164583248390162,1.512865389091301,27.50712465644569,1.507,4.942,1507.531,43.01162962976795,73.22405762888955
4.165788841111202,1.513141608914169,27.51857784089533,1.507,4.942,1515.562,43.24212537450852,73.22405762888955
4.166999495593837,1.5144392856771447,27.532014358878417,1.507,4.942,1523.547,43.47149742653084,73.22405762888955
4.168375300641667,1.5124703839246276,27.539693407398538,1.507,4.942,1531.625,43.703239261056204,73.22405762888955
4.169465778817346,1.5116417670175812,27.55253454906889,1.507,4.948,1539.609,43.932158937690566,73.22405762888955
4.170599078593695,1.5130045237511776,27.556128483607026,1.507,4.948,1547.594,44.161313685334804,73.22405762888955
4.171823927987624,1.513880278847663,27.568634123026925,1.507,4.948,1555.578,44.39057235723608,73.22405762888955
4.173179908305637,1.510302280305322,27.573750385521056,1.507,4.948,1563.578,44.61974753532969,73.22405762888955
4.174363245019277,1.5094518674459945,27.58536004981483,1.507,4.953,1571.562,44.84833557842975,73.22405762888955
4.1756692367037775,1.5117465025112136,27.592699254394176,1.507,4.953,1579.594,45.07864748193218,73.22405762888955
4.176619286446267,1.512402482287078,27.60937687405071,1.507,4.953,1587.594,45.30814134733062,73.22405762888955
4.177775803492695,1.5114796956856904,27.603714908641575,1.507,4.953,1595.578,45.53703648024193,73.22405762888955
4.179159782016193,1.5152934391890935,27.62569931406422,1.507,4.953,1603.562,45.76650915801116,73.22405762888955
4.180382604855987,1.512401210106082,27.62623894519629,1.507,4.959,1611.562,45.99600283036725,73.22405762888955
4.181632521586997,1.5117237978489466,27.635403215425164,1.507,4.959,1619.547,46.22496360342891,73.22405762888955
4.182667086115499,1.5139537664648814,27.64743157460447,1.507,4.959,1627.547,46.4546928626504,73.22405762888955
4.18413370197571,1.5130051114166876,27.665791620965276,1.507,4.964,1635.531,46.683819001136904,73.22405762888955
4.185332115281158,1.51289683258143,27.674738462146376,1.507,4.964,1643.531,46.91338787987421,73.22405762888955
4.186418337911293,1.5133386943567908,27.68062599635361,1.507,4.964,1651.578,47.14437291834962,73.22405762888955
4.187877756391524,1.5121877501171843,27.69766310882336,1.507,4.964,1659.547,47.372945037550565,73.22405762888955
4.189105062890943,1.5108550666767862,27.704094168607597,1.507,4.964,1667.531,47.60174557803008,73.22405762888955
4.190490245838501,1.5099611455913584,27.711520631622125,1.507,4.969,1675.515,47.830410745083,73.22405762888955
4.191591377731896,1.508719293717934,27.72093576914835,1.507,4.969,1683.5,48.05891646571413,73.22405762888955
4.1928821880429785,1.51208199476927,27.74751177386896,1.507,4.969,1691.515,48.288791909745456,73.22405762888955
4.194306973391077,1.5125371401936198,27.760243531191414,1.507,4.969,1699.5,48.517875868995134,73.22405762888955
4.195420542272037,1.5113085505401038,27.756648933805906,1.507,4.969,1707.5,48.7472037398068,73.22405762888955
4.196734792977233,1.5127310954209643,27.770552965611483,1.507,4.975,1715.469,48.975857987425684,73.22405762888955
4.198001652872765,1.515333932154523,27.787175450503067,1.507,4.975,1723.5,49.206687687147735,73.22405762888955
4.199215888595766,1.512470380331706,27.791923158246693,1.507,4.975,1731.468999999997,49.43530252682896,73.22405762888955
4.200638748451532,1.5129215753570615,27.80499098531543,1.507,4.975,1739.5149999999994,49.66619520270752,73.22405762888955
4.198938923474346,1.491961107033096,27.817354945173378,1.486,4.964,1747.8899999999994,49.90319939603201,73.22405762888955
4.1986875082652535,1.480867984541753,27.832621893685246,1.477,4.959,1755.9839999999967,50.13054850503554,73.22405762888955
4.199351830872204,1.4785361826848598,27.83836443677552,1.474,4.959,1764.1089999999967,50.358409001399515,73.22405762888955
4.200080383676966,1.4803254403697916,27.859281821756323,1.473,4.959,1772.2339999999967,50.58654524424099,73.22405762888955
4.199891998305993,1.4672835275938236,27.865525983459197,1.463,4.953,1780.718999999997,50.82269070454274,73.22405762888955
4.199473767695247,1.457665611093817,27.87709294556633,1.453,4.948,1788.968999999997,51.050790853609875,73.22405762888955
4.2002712467994,1.456588368091258,27.894831649997048,1.452,4.948,1797.1870000000054,51.27783833402291,73.22405762888955
4.199684710346771,1.4509765917054795,27.888071264496933,1.441,4.942,1805.422000000006,51.50447893965201,73.22405762888955
4.199654416660897,1.4384330476316731,27.910485977421043,1.431,4.937,1813.6870000000051,51.729978771637406,73.22405762888955
4.198769409949343,1.4252672616954196,27.926910416608617,1.421,4.932,1821.922000000006,51.9526036142576,73.22405762888955
4.199779398317875,1.4221099910010622,27.931090973196493,1.42,4.932,1830.202999999994,52.17597610383131,73.22405762888955
4.199054005477663,1.4174975590781185,27.94134616765194,1.41,4.926,1838.468999999997,52.39822081416058,73.22405762888955
4.199972979501886,1.4109174574416363,27.95176331414637,1.409,4.926,1846.6399999999996,52.616891481327634,73.22405762888955
4.1996244330995305,1.404586539566717,27.966981773840164,1.399,4.921,1854.906000000003,52.837111916007906,73.22405762888955
4.198990500961469,1.3950165433674258,27.976779039106297,1.39,4.915,1863.172000000006,53.05583190293112,73.22405762888955
4.199666766049536,1.3937828126233944,27.993615778447666,1.388,4.915,1871.3899999999996,53.27308949112898,73.22405762888955
4.199151576875619,1.3828720574809017,27.98139208094515,1.379,4.91,1879.625,53.48909225947595,73.22405762888955
4.199726193718887,1.379789027395564,27.994625378536742,1.377,4.91,1888.0149999999996,53.708670024449646,73.22405762888955
4.199324567321443,1.3731524262139043,28.00589075664073,1.368,4.905,1896.327999999994,53.92518614726093,73.22405762888955
4.200108583178359,1.372498283876968,28.008166995233907,1.366,4.905,1904.656000000003,54.14198962229712,73.22405762888955
4.199709272838117,1.360704074965366,28.027963996201688,1.357,4.899,1913.0149999999996,54.35773014322061,73.22405762888955
4.198895950233752,1.350856393043519,28.02476277034819,1.347,4.894,1921.3589999999967,54.57152496900262,73.22405762888955
4.199507452764949,1.3532058822980393,28.03055326042964,1.346,4.894,1929.672000000006,54.78489595783665,73.22405762888955
4.20027195955165,1.351348448837166,28.03873225003217,1.344,4.894,1937.9370000000051,54.99674373807796,73.22405762888955
4.200071182146397,1.3416715423705134,28.0481057156586,1.333,4.888,1946.218999999997,55.207507114246724,73.22405762888955
4.19945153644092,1.3304480553313718,28.05731566508737,1.325,4.883,1954.5149999999996,55.41686068799089,73.22405762888955
4.199870480782517,1.3285863919252316,28.067074177262903,1.323,4.883,1962.8120000000051,55.625946518574935,73.22405762888955
4.199612487477241,1.3193843885765888,28.081492025904463,1.314,4.878,1971.093999999997,55.8332088025386,73.22405762888955
4.200037322151162,1.3170091567341304,28.0855875458846,1.312,4.878,1979.343999999997,56.03929858244938,73.22405762888955
4.200941974245776,1.3158393415455432,28.09106055945751,1.311,4.878,1987.6399999999996,56.24635339193392,73.22405762888955
4.200141285914133,1.3053201155191327,28.107741090661737,1.301,4.872,1995.906000000003,56.451010175363734,73.22405762888955
4.199705953674885,1.297799985844165,28.102802575260164,1.292,4.867,2004.1870000000051,56.65485714616181,73.22405762888955
4.199927822288854,1.2947228605142065,28.11557549270433,1.29,4.867,2012.4839999999967,56.858613715032,73.22405762888955
4.200763650699284,1.2938945360648582,28.121967697253535,1.289,4.867,2020.7339999999967,57.06108644561393,73.22405762888955
4.200299268941297,1.287573504868349,28.136874686262875,1.279,4.861,2029.0149999999996,57.26332713101243,73.22405762888955
4.199598457126443,1.2746386886264007,28.138304834415145,1.27,4.856,2037.297000000006,57.46356030651532,73.22405762888955
4.200087623349245,1.2750497015845257,28.14581581593909,1.27,4.856,2045.577999999994,57.663833863395865,73.22405762888955
4.201017282440542,1.2724096771521975,28.159746747040916,1.268,4.856,2053.8589999999967,57.86369274853288,73.22405762888955
4.200305995276199,1.266508786125787,28.153290673304163,1.259,4.851,2062.1089999999967,58.061880069898955,73.22405762888955
4.2010410006343255,1.25988153090191,28.16885808205041,1.257,4.851,2070.3899999999994,58.259771144363526,73.22405762888955
4.200332658225306,1.250721897301924,28.17511030579457,1.248,4.845,2078.6399999999994,58.45548808317641,73.22405762888955
4.200875722920717,1.2491174120433766,28.18612481112968,1.246,4.845,2086.8899999999994,58.65095394703501,73.22405762888955
4.20020626045249,1.2405318996290855,28.19779504573608,1.237,4.84,2095.1399999999994,58.84507632261579,73.22405762888955
4.200827353302166,1.2401388271630485,28.18638842187412,1.237,4.84,2103.3899999999994,59.0391371889674,73.22405762888955
4.2002050139974685,1.232501240677475,28.21066901157424,1.227,4.834,2111.6089999999967,59.23127819397822,73.22405762888955
4.199480827887775,1.220536083508161,28.211962400732016,1.217,4.829,2119.797000000006,59.420836216592285,73.22405762888955
4.200072185068626,1.2207814348171535,28.21567085475274,1.217,4.829,2128.0,59.61077967449984,73.22405762888955
4.200715026029135,1.2188534983039592,28.222409064094087,1.216,4.829,2136.1870000000054,59.800053260746786,73.22405762888955
4.199966810735924,1.2096691007699776,28.23477207968268,1.205,4.824,2144.4060000000027,59.98863484515535,73.22405762888955
4.2004173099173086,1.2070395126598614,28.247586680248038,1.205,4.824,2152.6560000000027,60.177516225543435,73.22405762888955
4.200950251979493,1.2083548414961225,28.260758738180066,1.203,4.824,2160.9060000000027,60.36660343276954,73.22405762888955
4.200726328102849,1.1998079386877991,28.26264470072535,1.194,4.818,2169.1399999999994,60.55398907272358,73.22405762888955
4.199893912146627,1.188547535728114,28.25949704551097,1.185,4.813,2177.4370000000054,60.741036336045504,73.22405762888955
4.200112067002997,1.1870682197788769,28.267130870905017,1.184,4.813,2185.672000000006,60.9264548064686,73.22405762888955
4.200923252829849,1.1868741021950655,28.28421921632851,1.183,4.813,2193.8899999999994,61.11146024820745,73.22405762888955
4.200238548000719,1.1767634683180297,28.285679942380757,1.173,4.807,2202.1089999999967,61.29491200306197,73.22405762888955
4.200693047816418,1.1771455262536012,28.301052504974,1.173,4.807,2210.297000000006,61.47773116039835,73.22405762888955
4.199960306367258,1.1670893627487435,28.316454859751047,1.162,4.802,2218.5,61.65932057757426,73.22405762888955
4.20075131935376,1.1659942990960024,28.329926421738467,1.162,4.802,2226.75,61.841779072452006,73.22405762888955
4.200138991272617,1.1564164332673297,28.32808291842622,1.152,4.797,2235.0149999999994,62.0230678101074,73.22405762888955
4.20055135676537,1.156176400963325,28.338673158750986,1.151,4.797,2243.2649999999994,62.20398996907206,73.22405762888955
4.201087715522019,1.1562311478013,28.337910399002247,1.15,4.797,2251.4839999999967,62.38424083408639,73.22405762888955
4.201659481387452,1.1517204160904946,28.3468796046814,1.15,4.797,2259.672000000006,62.56311128914977,73.22405762888955
4.201179722088361,1.1442506221465127,28.347769758248187,1.14,4.791,2267.8589999999967,62.74079992779252,73.22405762888955
4.2004841751766815,1.1336342573314138,28.35853068447385,1.13,4.786,2276.047000000006,62.916861472462024,73.22405762888955
4.200941377546063,1.134908690293286,28.349519796702435,1.129,4.786,2284.3589999999967,63.095790239165936,73.22405762888955
4.201563428831879,1.1307047446097205,28.368176680963156,1.129,4.786,2292.625,63.273069661500294,73.22405762888955
4.200985899558504,1.1218086650555412,28.379262889502662,1.118,4.78,2300.8589999999967,63.44827339855619,73.22405762888955
4.200321851872678,1.1119455308619803,28.38045078609191,1.11,4.775,2309.0939999999973,63.62195780530801,73.22405762888955
4.200717676463339,1.111479876248059,28.379910951519307,1.108,4.775,2317.375,63.79653925726326,73.22405762888955
4.200051524789467,1.1028674920141874,28.391122304380048,1.099,4.764,2325.6560000000027,63.969767951893374,73.22405762888955
4.200804167420108,1.1009641204646918,28.3902262659628,1.097,4.764,2333.8899999999994,64.14171619429737,73.22405762888955
4.198854042393245,1.0820844276178403,28.397078955689054,1.079,4.759,2342.125,64.3107363366064,73.22405762888955
4.199249992074849,1.0828778082109456,28.407587291148776,1.079,4.759,2350.375,64.48018849874464,73.22405762888955
4.199656142348883,1.08093980765135,28.39604297452774,1.078,4.759,2358.6399999999994,64.64964493984424,73.22405762888955
4.19910629548417,1.0719441528480576,28.41006033527488,1.068,4.748,2366.8589999999967,64.81675586845513,73.22405762888955
4.199543685225729,1.0717327782851338,28.419018243876035,1.067,4.753,2375.1399999999994,64.985094196966,73.22405762888955
4.200144186459911,1.07079821286545,28.41570237075111,1.067,4.753,2383.3120000000054,65.15107188393915,73.22405762888955
4.200526023062468,1.0688034509797757,28.41991895599709,1.065,4.753,2391.5310000000027,65.31769319226123,73.22405762888955
4.201231230330667,1.0664236595881462,28.419297985856183,1.064,4.753,2399.7189999999973,65.48331644823168,73.22405762888955
4.200637434785591,1.058356954027285,28.42184390587876,1.054,4.748,2407.9370000000054,65.64828912345934,73.22405762888955
4.201201215705367,1.0534137060289366,28.43611390605229,1.053,4.748,2416.1399999999994,65.81219155203804,73.22405762888955
4.201807892004204,1.0561974210764205,28.43623551077516,1.052,4.748,2424.327999999994,65.97622659969802,73.22405762888955
4.201628099318032,1.0448485153834055,28.435860681142703,1.042,4.743,2432.5149999999994,66.13847926243936,73.22405762888955
4.200909781542832,1.0363719994980476,28.42963016718604,1.034,4.737,2440.702999999994,66.29943527969402,73.22405762888955
4.2015437195314655,1.0352858655135082,28.43317975769852,1.032,4.737,2448.9839999999967,66.46204884873158,73.22405762888955
4.201987992517913,1.034539988839602,28.439717167498365,1.031,4.737,2457.1870000000054,66.62301468358113,73.22405762888955
4.201546120734189,1.0242098482444095,28.44132225536611,1.021,4.732,2465.4370000000054,66.78328629682532,73.22405762888955
4.2020644786949575,1.0250488749976947,28.43838249632441,1.021,4.732,2473.6560000000027,66.94308647756915,73.22405762888955
4.201569187386292,1.0146056587267935,28.43928104388502,1.012,4.726,2482.2810000000027,67.10907195666444,73.22405762888955
4.201060956318049,1.0044116940564627,28.44536694853131,1.002,4.721,2490.625,67.26803631753215,73.22405762888955
4.201485531904467,1.0057736540085265,28.435286712167063,1.001,4.721,2498.9839999999967,67.4275023881048,73.22405762888955
4.202048148673958,1.0019487210883478,28.42606953039156,0.999,4.721,2507.422000000006,67.58786337810211,73.22405762888955
4.201656390647549,0.9917178856983784,28.42854575243082,0.99,4.716,2515.7649999999994,67.7447999283649,73.22405762888955
4.201011357954227,0.9830804660871928,28.421942576208423,0.98,4.71,2524.125,67.90068662588654,73.22405762888955
4.201730670854008,0.9818758167661816,28.424152069304757,0.979,4.71,2532.577999999994,68.0581143239053,73.22405762888955
4.201069860468992,0.9732299423429616,28.430475270773844,0.969,4.705,2540.922000000006,68.21214366931976,73.22405762888955
4.201790167238531,0.970785052461823,28.42793698196057,0.967,4.705,2549.2810000000027,68.36606227423624,73.22405762888955
4.200959317139149,0.9617792600526404,28.42653289790871,0.958,4.699,2557.702999999994,68.51970229498689,73.22405762888955
4.201452666436313,0.9607416334611028,28.41735230337792,0.958,4.699,2566.077999999994,68.67232007755395,73.22405762888955
4.202305956973343,0.9598847775274244,28.41799917003882,0.956,4.699,2574.4370000000054,68.82451043675157,73.22405762888955
4.201736341901412,0.9486159889133402,28.42120346263915,0.945,4.694,2582.8439999999973,68.97577778728404,73.22405762888955
4.201350010085542,0.9404740822291549,28.40859765676692,0.936,4.689,2591.2189999999973,69.12517598550153,73.22405762888955
4.201781146567643,0.939699951439843,28.400487013869768,0.934,4.689,2599.5620000000054,69.27388084480481,73.22405762888955
4.202439203604979,0.9373414515717337,28.400951282553574,0.933,4.689,2607.9370000000054,69.4227814116843,73.22405762888955
4.203049036102517,0.9352175478050656,28.403108859339252,0.933,4.683,2616.3120000000054,69.57134458766495,73.22405762888955
4.202494052649428,0.92522190074572,28.389077822988945,0.922,4.683,2624.6560000000027,69.71777588569064,73.22405762888955
4.202183038842392,0.9156663315555932,28.388205411966137,0.912,4.678,2632.9839999999967,69.86241697193941,73.22405762888955
4.200361888375778,0.8964855802828807,28.379560869123004,0.894,4.667,2641.3120000000054,70.00402821576272,73.22405762888955
4.200694136479569,0.8969336028769969,28.37770281148984,0.894,4.667,2649.672000000006,70.14625463778205,73.22405762888955
4.20135627791509,0.8961517398866558,28.371907322647832,0.893,4.667,2658.0310000000027,70.288340082183,73.22405762888955
4.200870924233958,0.8855875512277346,28.356941354375145,0.883,4.656,2666.3589999999967,70.4282298443853,73.22405762888955
4.200457839391936,0.8771448062436484,28.355396712509428,0.874,4.656,2674.7189999999973,70.56731836441034,73.22405762888955
4.201001193081789,0.8759758112059162,28.339911098625212,0.872,4.656,2683.0620000000054,70.70593905877014,73.22405762888955
4.201548094823757,0.873232232921912,28.33548769925675,0.871,4.656,2691.422000000006,70.84440716352401,73.22405762888955
4.202162589140981,0.8721151441948087,28.327355924740296,0.869,4.656,2699.75,70.98216878852122,73.22405762888955
4.201619973224403,0.8625340130416512,28.31251649645773,0.86,4.651,2708.077999999994,71.11841695258872,73.22405762888955
4.202315500842765,0.8603953419314166,28.30231513484653,0.858,4.651,2716.452999999994,71.25509431166552,73.22405762888955
4.203080862097298,0.8595164503782232,28.285502019260623,0.857,4.651,2724.797000000006,71.39112666174509,73.22405762888955
4.202586526267861,0.8497953233477961,28.28426081139895,0.847,4.646,2733.1560000000027,71.52586226598885,73.22405762888955
4.20226374921452,0.8411854909436449,28.27140843187113,0.838,4.635,2741.5,71.65899344589279,73.22405762888955
4.202830573364785,0.8387221504883098,28.249530753933204,0.836,4.635,2749.827999999994,71.79148022489386,73.22405762888955
4.201185642144784,0.8195170102420017,28.241862760334826,0.818,4.624,2758.1560000000027,71.9209333089224,73.22405762888955
4.200485706737629,0.8116019542011228,28.23000981068053,0.809,4.619,2766.5149999999994,72.04961332951125,73.22405762888955
4.201078891628246,0.8093136116121185,28.22583313653198,0.807,4.619,2774.827999999994,72.17722439582803,73.22405762888955
4.200159578393676,0.7983016562600617,28.21108100189556,0.799,4.619,2783.1870000000054,72.30379564548076,73.22405762888955
4.200868433752848,0.7994284479125383,28.189044899483164,0.798,4.613,2791.5149999999994,72.43007548683717,73.22405762888955
4.200560768446162,0.7897656747174181,28.172424626187897,0.788,4.613,2799.8589999999967,72.55506865095465,73.22405762888955
4.200813789225079,0.7882477928119953,28.16492987962949,0.787,4.613,2808.1870000000054,72.67958236632957,73.22405762888955
4.200264943008856,0.7766820878268242,28.15271807720861,0.777,4.602,2816.547000000006,72.80274055110912,73.22405762888955
4.200870806921023,0.7757500564679016,28.133183934354918,0.776,4.608,2824.875,72.92528009085004,73.22405762888955
4.201352181388977,0.7743872028807646,28.12371692132285,0.774,4.608,2833.1870000000054,73.04736933763093,73.22405762888955
4.200940039219521,0.7665897780049635,28.108857515127607,0.765,4.597,2841.5620000000054,73.16914529485287,73.22405762888955
4.200602417153375,0.7568571034915454,28.093776144109427,0.755,4.592,2849.922000000006,73.2891598393679,73.22405762888955
4.19983000012763,0.7471439675768615,28.071558566801396,0.745,4.592,2858.25,73.40718068531399,73.22405762888955
4.200275801477631,0.7476644424044758,28.05372067369066,0.745,4.592,2866.577999999994,73.5252837468465,73.22405762888955
4.200909391409555,0.7450736753557099,28.02848489449003,0.744,4.592,2874.922000000006,73.64320368077732,73.22405762888955
4.201540680171744,0.7438859956293589,28.010507241622687,0.743,4.592,2883.25,73.7607098888196,73.22405762888955
4.202064032457114,0.7447647257603172,27.997892105518307,0.741,4.592,2891.5939999999973,73.8785809264906,73.22405762888955
4.202845244919707,0.7425052721478407,27.982350418100037,0.74,4.592,2899.922000000006,73.99586903178398,73.22405762888955
4.201176115442627,0.7221533194640887,27.972826969146816,0.722,4.575,2908.25,74.10994228856518,73.22405762888955
4.20035607550972,0.7125802393162969,27.94552509952752,0.712,4.575,2916.577999999994,74.22250335617485,73.22405762888955
4.201083418524326,0.7115219683033979,27.929614544593772,0.711,4.575,2924.9689999999973,74.33574749852532,73.22405762888955
4.201448553610008,0.7116243128839072,27.915166832667456,0.709,4.575,2933.4060000000027,74.44962883074166,73.22405762888955
4.2009159856997655,0.7014969881484832,27.89900324487857,0.701,4.565,2941.8899999999994,74.56251485633686,73.22405762888955
4.200275631067556,0.6926949111441326,27.88161925618012,0.691,4.565,2950.3120000000054,74.67316983190415,73.22405762888955
4.199414544625342,0.6833187852668113,27.854537446552648,0.682,4.554,2958.8120000000054,74.78333796711601,73.22405762888955
4.1986481163251925,0.6736633344132005,27.829771236331883,0.672,4.548,2967.2649999999994,74.89134884401652,73.22405762888955
4.197923488788485,0.6648891823975763,27.815742360481543,0.664,4.548,2975.6870000000054,74.99756197630533,73.22405762888955
4.198240155913822,0.6652219538541612,27.78847117180507,0.662,4.543,2984.1399999999994,75.10421941615522,73.22405762888955
4.198662470648416,0.6648183633597536,27.76545611977976,0.662,4.543,2992.577999999994,75.21062299617157,73.22405762888955
4.197947174490039,0.6551947845957365,27.741841820053303,0.653,4.538,3001.0149999999994,75.3154739035676,73.22405762888955
4.198369001267865,0.653882027352596,27.727746810631466,0.651,4.538,3009.422000000006,75.41974265192792,73.22405762888955
4.1986783669069645,0.6527400698803174,27.702557664685436,0.651,4.538,3017.8899999999994,75.52458454047006,73.22405762888955
4.19818746260415,0.6424107710538319,27.673802216477892,0.642,4.532,3026.375,75.6279745018377,73.22405762888955
4.197439805781159,0.6338912358573751,27.66315392931052,0.634,4.527,3034.827999999994,75.72960857444778,73.22405762888955
4.198543658959289,0.6415949636112381,27.63032129519121,0.64,4.532,3043.202999999994,75.83152858836432,73.22405762888955
4.198092414933737,0.635438145265887,27.61818084439018,0.631,4.527,3051.625,75.93303704657252,73.22405762888955
4.198546052698454,0.6317859401691949,27.590280666505627,0.631,4.527,3060.0,76.03339885654043,73.22405762888955
4.198981785944899,0.6317884085411888,27.55663224326756,0.629,4.527,3068.3589999999967,76.13356932187511,73.22405762888955
4.198148695585697,0.6223897946525679,27.5430561207314,0.621,4.521,3076.827999999994,76.23354821128196,73.22405762888955
4.197142916281288,0.6128060253213929,27.51849530521729,0.611,4.516,3085.202999999994,76.33089498326618,73.22405762888955
4.197367490344363,0.6106608447035983,27.498050580609785,0.61,4.516,3093.5620000000054,76.42771565953812,73.22405762888955
4.197596587122874,0.6111332998280973,27.48186037107436,0.61,4.516,3102.0,76.52552699350954,73.22405762888955
4.197909698765417,0.6106609389893044,27.44119813687521,0.61,4.516,3110.3899999999994,76.62270675177525,73.22405762888955
4.198361606492296,0.6090744591640127,27.43210213637224,0.609,4.516,3118.75,76.71928745829845,73.22405762888955
4.198691858424351,0.6103246283528176,27.39512290147574,0.607,4.516,3127.0939999999973,76.81588118081486,73.22405762888955
4.197943855802484,0.5994504512065031,27.374115625254465,0.599,4.511,3135.4839999999967,76.9112769171738,73.22405762888955
4.198142011860671,0.5978811472018655,27.352357898550824,0.599,4.511,3143.875,77.00643425701509,73.22405762888955
4.198456277916108,0.5984162279676348,27.33071358651688,0.598,4.511,3152.2810000000027,77.10184701735314,73.22405762888955
4.198807109955061,0.598381771667763,27.30659808484985,0.598,4.511,3160.7339999999967,77.19778772924509,73.22405762888955
4.198024336681774,0.5889497719167257,27.28415194421281,0.588,4.505,3169.125,77.29152357266149,73.22405762888955
4.198388086131796,0.5891904615114261,27.25744407211789,0.588,4.505,3177.547000000006,77.38564416612064,73.22405762888955
4.198576756852531,0.5887711548109726,27.23688085013997,0.587,4.505,3185.9370000000054,77.47934041365377,73.22405762888955
4.197700994293276,0.5777231781955301,27.21176935587716,0.578,4.5,3194.4060000000027,77.57214418748946,73.22405762888955
4.197847303205519,0.5797691557613204,27.187875315647894,0.578,4.5,3202.827999999994,77.66475976865397,73.22405762888955
4.197991720950853,0.5783197676577253,27.163555937926077,0.577,4.5,3211.2339999999967,77.75696830647668,73.22405762888955
4.19843783512375,0.5764202475923951,27.137247382485626,0.577,4.5,3219.6089999999967,77.8485350471595,73.22405762888955
4.198576130758711,0.5774481887581278,27.11616230935065,0.577,4.5,3227.9370000000054,77.93975029707768,73.22405762888955
4.197726154365507,0.5684607283446496,27.09614323774427,0.567,4.494,3236.2810000000027,78.02971838177287,73.22405762888955
4.198001748227503,0.564277464759991,27.073823972549548,0.567,4.494,3244.6089999999967,78.1188531491394,73.22405762888955
4.197974237691536,0.5695548495988914,27.052553325534145,0.566,4.494,3252.952999999994,78.20899439618118,73.22405762888955
4.198017919359483,0.5663341143686649,27.03464925228666,0.566,4.494,3261.3439999999973,78.29913078538983,73.22405762888955
4.1983022098822085,0.5669822247979357,27.00528848766196,0.566,4.494,3269.7189999999973,78.38919825711153,73.22405762888955
4.198930057128081,0.5679701287637814,26.98269932640944,0.565,4.494,3278.1089999999967,78.47958425741272,73.22405762888955
4.197867012449375,0.5566029022595596,26.957268366207064,0.556,4.489,3286.577999999994,78.56899533144808,73.22405762888955
4.197905566243946,0.556864144913205,26.94956658481172,0.556,4.489,3294.9839999999967,78.6577829389966,73.22405762888955
4.198161001507185,0.5559773135381177,26.9236493065318,0.555,4.489,3303.3439999999973,78.74594405122922,73.22405762888955
4.198490329502806,0.554981705664659,26.898315124646317,0.555,4.489,3311.7189999999973,78.83410519084664,73.22405762888955
4.198549551839565,0.5562614059204835,26.86950112752262,0.555,4.489,3320.125,78.92279669640399,73.22405762888955
4.1988655290448405,0.555519847910921,26.85851973807413,0.553,4.489,3328.5,79.01104332214324,73.22405762888955
4.197949696949507,0.5470119930462497,26.82483962255806,0.545,4.484,3336.8439999999973,79.09761679831453,73.22405762888955
4.197937680732385,0.5455346386877998,26.80578136633613,0.545,4.484,3345.172000000006,79.18379089908355,73.22405762888955
4.198189455587223,0.5439281692414566,26.78980642950581,0.545,4.484,3353.5,79.26971123767102,73.22405762888955
4.198276362698474,0.5463794047583378,26.77671052621781,0.544,4.484,3361.827999999994,79.35601877993254,73.22405762888955
4.198561598103298,0.5450221501112903,26.74872955082935,0.544,4.484,3370.1560000000027,79.44211192664457,73.22405762888955
4.198788452790532,0.5451234648863291,26.728057359954125,0.542,4.484,3378.5149999999994,79.52854160848791,73.22405762888955
4.199191418267846,0.5445175936296719,26.705724563045035,0.542,4.484,3386.8589999999967,79.61472030569422,73.22405762888955
4.199225041978273,0.5424175568307438,26.68547654390884,0.542,4.484,3395.202999999994,79.70056663818443,73.22405762888955
4.199396593370935,0.5422423911337018,26.664251842005765,0.542,4.484,3403.5310000000027,79.78622068678376,73.22405762888955
4.199661935737868,0.5403589013239557,26.64411020440201,0.542,4.484,3411.875,79.87174120381523,73.22405762888955
4.199096382697639,0.5319446030546359,26.61936836299525,0.533,4.478,3420.2189999999973,79.95593002234651,73.22405762888955
4.1979542005454284,0.5245753202057525,26.597001347123577,0.524,4.473,3428.547000000006,80.03879333348856,73.22405762888955
4.198082632184796,0.522693030035879,26.57756496111625,0.523,4.473,3436.8899999999994,80.12150802701501,73.22405762888955
4.198126576835774,0.5248498988790693,26.566161221029216,0.523,4.473,3445.202999999994,80.20426538373215,73.22405762888955
4.198411946936812,0.5246586789053864,26.538716379783512,0.523,4.473,3453.5620000000054,80.28745036037533,73.22405762888955
4.198689233274999,0.5244586285324647,26.51864911349114,0.522,4.473,3461.9060000000027,80.37045440262172,73.22405762888955
4.197720390863206,0.5156968456941631,26.50894887673029,0.513,4.467,3470.2339999999967,80.45191524634363,73.22405762888955
4.197896458757628,0.513843488621237,26.48472374616073,0.513,4.467,3478.5620000000054,80.53308332885891,73.22405762888955
4.197995917363578,0.5134354734592113,26.475439482274982,0.513,4.467,3486.9060000000027,80.61434277891132,73.22405762888955
4.198045240219117,0.5130802538701673,26.45633772496046,0.513,4.467,3495.2810000000027,80.69584769958654,73.22405762888955
4.198393332859665,0.5131533955394805,26.43484981467309,0.512,4.467,3503.6399999999994,80.77720850602796,73.22405762888955
4.198567450667485,0.5127465150592642,26.41888587408813,0.512,4.467,3512.0,80.8585145269038,73.22405762888955
4.197701616152804,0.5036392405729033,26.41125928902764,0.504,4.462,3520.375,80.93851970356415,73.22405762888955
4.197864369132691,0.5034578604627762,26.382481558283743,0.502,4.462,3528.75,81.01849606724372,73.22405762888955
4.19792217462805,0.5036635140985835,26.367627144613863,0.502,4.462,3537.125,81.09850509985402,73.22405762888955
4.198252350897273,0.5033980370911088,26.34080659472945,0.502,4.462,3545.6089999999967,81.1795127230651,73.22405762888955
4.198472485160422,0.5034468523711818,26.33194231486492,0.501,4.462,3553.9689999999973,81.25934409994738,73.22405762888955
4.198694467037623,0.5030259625282597,26.30753526825252,0.501,4.462,3562.327999999994,81.33909919526202,73.22405762888955
4.197739669076274,0.4913642884451278,26.293627202164195,0.493,4.457,3570.6870000000054,81.41700532452471,73.22405762888955
4.19787903175503,0.493641282421583,26.281781992903188,0.493,4.457,3579.0149999999994,81.4949822128803,73.22405762888955
4.198126006255409,0.4932378807287886,26.27237981344891,0.491,4.457,3587.3439999999973,81.57290473440038,73.22405762888955
4.198295633466134,0.4944308825654972,26.249965424937912,0.491,4.457,3595.672000000006,81.65100635009247,73.22405762888955
4.198591386469364,0.491729627600971,26.235966515631155,0.491,4.457,3604.0,81.72868126837419,73.22405762888955
4.199022152130389,0.4927005087275039,26.227968640270085,0.49,4.457,3612.343999999997,81.80665907561452,73.22405762888955
4.199142303884213,0.4901142438931806,26.21001468075652,0.49,4.457,3620.672000000006,81.88407882359455,73.22405762888955
4.199400664264068,0.489819321329725,26.18962063278725,0.49,4.457,3629.0,81.96145198482284,73.22405762888955
4.199599081854482,0.4880402987584278,26.175940711793707,0.489,4.457,3637.327999999994,82.0385441269197,73.22405762888955
4.198730110683446,0.4813781241717754,26.153662934020726,0.479,4.451,3645.656000000002,82.11458389422056,73.22405762888955
4.197785892416874,0.4706589909668618,26.13483437275321,0.471,4.446,3654.0,82.18907327554541,73.22405762888955
4.198022305238018,0.4700754233375053,26.128702836792847,0.471,4.446,3662.343999999997,82.26347029787465,73.22405762888955
4.197917009434689,0.4701527322362287,26.113107983489613,0.471,4.446,3670.687000000005,82.33787063788863,73.22405762888955
4.198127263665055,0.4714630081621015,26.09651100233649,0.469,4.446,3679.015,82.41234418712445,73.22405762888955
4.19829109356523,0.4683363764641149,26.09117510458289,0.469,4.446,3687.406000000002,82.48688348969957,73.22405762888955
4.198657677751944,0.4699794826754411,26.06876865143997,0.469,4.446,3695.781000000002,82.56154167458487,73.22405762888955
4.198890096466895,0.4666145360322691,26.05208221868795,0.468,4.446,3704.14,82.63552371441719,73.22405762888955
4.199064080024172,0.4681233418323107,26.048810678486845,0.468,4.446,3712.4839999999967,82.70961178834342,73.22405762888955
4.199445822619065,0.4656004691967654,26.033940765269243,0.468,4.446,3720.812000000005,82.78315927535024,73.22405762888955
4.199699681015302,0.4655444055192472,26.014115702856223,0.467,4.446,3729.156000000002,82.85683919098327,73.22405762888955
4.198857921166652,0.4573422504651975,26.00104155593376,0.458,4.44,3737.4839999999967,82.92908218782074,73.22405762888955
4.197897715512767,0.4497374583250104,25.99677665646204,0.449,4.435,3745.812000000005,83.00012391148933,73.22405762888955
4.197990956952393,0.4494696953952711,25.98349397145511,0.449,4.435,3754.14,83.0711233386141,73.22405762888955
4.198095331841619,0.448761991299182,25.96250412436704,0.449,4.435,3762.5,83.14228335776826,73.22405762888955
4.198333618345055,0.4497029210523522,25.957139379512697,0.449,4.435,3770.812000000005,83.21318314885752,73.22405762888955
4.198461905442151,0.4464579394624525,25.93432993846481,0.447,4.435,3779.172000000006,83.28397781538379,73.22405762888955
4.198797176158641,0.4485047850825747,25.9195074597751,0.447,4.435,3787.531000000002,83.35508854236006,73.22405762888955
4.198943496721951,0.4483125478340806,25.9067869724952,0.447,4.435,3795.8589999999967,83.42590518338203,73.22405762888955
4.1991559484361165,0.4470550533312659,25.892992309988944,0.447,4.435,3804.187000000005,83.49652318723186,73.22405762888955
4.199600598257237,0.4469686078037213,25.89476446248917,0.446,4.435,3812.515,83.5671275359164,73.22405762888955
4.198575187751562,0.436408719574519,25.87931326852285,0.436,4.43,3820.843999999997,83.63607209425473,73.22405762888955
4.198794402843587,0.4343440768877038,25.868006530668502,0.436,4.43,3829.187000000005,83.70480581584728,73.22405762888955
4.198896401143319,0.4359017223980144,25.85324631070519,0.436,4.43,3837.515,83.77366200991335,73.22405762888955
4.198940462874084,0.4344607365325573,25.843751030634703,0.435,4.43,3845.843999999997,83.84229882272678,73.22405762888955
4.199653466238263,0.4337260899271422,25.824679309925816,0.435,4.43,3854.172000000006,83.9108113481082,73.22405762888955
4.198390658467661,0.4276174887748959,25.81592351243285,0.427,4.424,3862.515,83.97848060615844,73.22405762888955
4.198597170817116,0.4259600561651131,25.79697361987345,0.425,4.424,3870.843999999997,84.04577446768053,73.22405762888955
4.198664367798664,0.4245295382531289,25.788242959071496,0.425,4.424,3879.172000000006,84.11283428132839,73.22405762888955
4.199038675734539,0.4244209901069896,25.77682480862076,0.425,4.424,3887.5,84.17987694842259,73.22405762888955
4.199205907300936,0.4260386187930409,25.758619723042752,0.425,4.424,3895.827999999994,84.24717514044136,73.22405762888955
4.199518857249472,0.4230812522093044,25.749038885857367,0.424,4.424,3904.156000000002,84.31400617897827,73.22405762888955
4.199773696438213,0.4235657910442917,25.735968065370702,0.424,4.424,3912.515,84.38116281214086,73.22405762888955
4.198966620947862,0.4145029847259029,25.718441303153952,0.414,4.419,3920.843999999997,84.44664666690828,73.22405762888955
4.199060370116087,0.414285505158123,25.706612839805143,0.414,4.419,3929.187000000005,84.5122061762618,73.22405762888955
4.199220065963005,0.4135538552579029,25.70065490667784,0.414,4.419,3937.531000000002,84.57765774823618,73.22405762888955
4.199376159114931,0.4140508923655804,25.69515666369504,0.414,4.419,3945.9839999999967,84.64404402411209,73.22405762888955
4.199613932165869,0.4147432915342975,25.683983279001787,0.413,4.419,3954.437000000005,84.71054131484904,73.22405762888955
4.198509420290328,0.4036254507357781,25.674094934164785,0.404,4.413,3962.875,84.77514120454967,73.22405762888955
4.198943847118499,0.4037768825961454,25.662653971988394,0.404,4.413,3971.3589999999967,84.84011763106834,73.22405762888955
4.197747032960345,0.3935372905427194,25.65351579007232,0.395,4.408,3979.781000000002,84.90298348812783,73.22405762888955
4.197730688322,0.3958329934130327,25.633937315644317,0.395,4.408,3988.25,84.96656895082666,73.22405762888955
4.198251443129839,0.3943966028542865,25.6322750989354,0.395,4.408,3996.64,85.02933269430375,73.22405762888955
4.198281760953442,0.3957468315502263,25.61676019837517,0.395,4.408,4005.093999999997,85.09279172035228,73.22405762888955
4.198244599002038,0.3932841957217143,25.610605401799,0.393,4.408,4013.4839999999967,85.15537843685853,73.22405762888955
4.19876187471876,0.3938099939143137,25.59881619558237,0.393,4.408,4021.906000000002,85.2182878570862,73.22405762888955
4.198989981063103,0.3905575345795362,25.578714130788107,0.393,4.408,4030.297000000006,85.2804480643774,73.22405762888955
4.199310974721242,0.391086865404957,25.583335127067688,0.393,4.408,4038.7339999999967,85.34303374679183,73.22405762888955
4.199401459371836,0.3933689347989721,25.561211885802663,0.392,4.408,4047.125,85.40564140984806,73.22405762888955
4.199581446541429,0.3883620130244182,25.562976245001156,0.392,4.408,4055.5,85.46733432206999,73.22405762888955
4.198680327852497,0.3827533985814858,25.55437620941092,0.382,4.403,4063.8589999999967,85.52802012371816,73.22405762888955
4.198848431573203,0.3822334891553192,25.53486663379591,0.382,4.403,4072.202999999994,85.58851474227484,73.22405762888955
4.199011117280175,0.3799193273774279,25.5242104809273,0.382,4.403,4080.562000000005,85.64875120008035,73.22405762888955
4.198850375642557,0.3815739614201985,25.50882340601816,0.382,4.403,4088.906000000002,85.70914143772879,73.22405762888955
4.199423611971266,0.3795211388449011,25.496932905130198,0.381,4.403,4097.25,85.769206783074,73.22405762888955
4.199703952825455,0.3797304354640857,25.493695480678173,0.381,4.403,4105.608999999997,85.82941329194304,73.22405762888955
4.198747996321978,0.3691589178537343,25.49095267533599,0.373,4.397,4113.983999999997,85.8880557130638,73.22405762888955
4.198662270065653,0.3706044043777405,25.478111629067666,0.371,4.397,4122.312000000005,85.94659736930971,73.22405762888955
4.199035791847604,0.3714261768075754,25.4583284492058,0.371,4.397,4130.656000000003,86.00538155626725,73.22405762888955
4.199097139011084,0.3720779205674714,25.44711792548648,0.371,4.397,4139.0,86.06426889219334,73.22405762888955
4.199377083507679,0.3716243703138442,25.445222165881308,0.371,4.397,4147.343999999997,86.1230844464719,73.22405762888955
4.199442080445755,0.3688757138215234,25.43688362538729,0.37,4.397,4155.687000000005,86.18145798479144,73.22405762888955
4.199840113626894,0.3712254008827262,25.42751772168916,0.37,4.397,4164.047000000006,86.24032305614219,73.22405762888955
4.198988179017853,0.3621225271691868,25.41056691276596,0.362,4.392,4172.406000000003,86.2977378196363,73.22405762888955
4.198793639567684,0.3604646486390912,25.41136549130523,0.362,4.392,4180.75,86.35478716785217,73.22405762888955
4.1991773094903335,0.3618774252842726,25.396374738267493,0.36,4.392,4189.077999999994,86.41195028729666,73.22405762888955
4.1993075611887205,0.362290548713623,25.389104735814875,0.36,4.392,4197.422000000006,86.4692886136678,73.22405762888955
4.199319395662557,0.3597458400455551,25.381831214453943,0.36,4.392,4205.764999999999,86.5262173752867,73.22405762888955
4.199652718646808,0.3598257005461737,25.37751993936486,0.36,4.392,4214.108999999997,86.58316559965483,73.22405762888955
4.19885323095543,0.350232903573096,25.36113321043481,0.351,4.386,4222.547000000006,86.6392200602919,73.22405762888955
4.198825170397174,0.3485621692097542,25.346836841469663,0.351,4.386,4230.922000000006,86.69459060269249,73.22405762888955
4.19902534519761,0.3495209588867913,25.33947868502568,0.351,4.386,4239.281000000003,86.75000737929459,73.22405762888955
4.199146064693374,0.3478589613268933,25.3355223398242,0.351,4.386,4247.639999999999,86.80516064509666,73.22405762888955
4.199365627036199,0.3493531290719303,25.32534736268485,0.349,4.386,4255.968999999997,86.86035201985075,73.22405762888955
4.1997405559220375,0.3484285041432052,25.31294642546204,0.349,4.386,4264.297000000006,86.91539071198414,73.22405762888955
4.198384465272541,0.3414737297407005,25.314080068454665,0.341,4.381,4272.639999999999,86.96942796383136,73.22405762888955
4.19859038962396,0.3408250005945442,25.31966893798701,0.341,4.381,4281.0,87.02347245521158,73.22405762888955
4.198861514570789,0.3397800723397352,25.298073825839968,0.34,4.381,4289.327999999994,87.07714501808216,73.22405762888955
4.199160845902567,0.3392989628708989,25.28804641767161,0.34,4.381,4297.656000000003,87.13074158362306,73.22405762888955
4.199279385710244,0.3407710763622616,25.287405430976968,0.34,4.381,4306.0,87.18467410618995,73.22405762888955
4.199514572080159,0.3392105040306381,25.276843878746725,0.34,4.381,4314.327999999994,87.23825669853734,73.22405762888955
4.199529998887055,0.3384380833716294,25.26721843686432,0.338,4.381,4322.672000000006,87.29181998731117,73.22405762888955
4.199729604123768,0.3382650478267265,25.254629658133265,0.338,4.381,4331.014999999999,87.3453494743215,73.22405762888955
4.198753329769039,0.3291759651859771,25.234916975227858,0.33,4.376,4339.343999999997,87.3973532279529,73.22405762888955
4.198793341870347,0.3289359619531457,25.235315309364942,0.33,4.376,4347.672000000006,87.44931282633898,73.22405762888955
4.199087751755172,0.3294457238811251,25.223790194030013,0.33,4.376,4356.0,87.5013529480733,73.22405762888955
4.199269688638602,0.3292541249795875,25.214547522280995,0.329,4.376,4364.343999999997,87.55346272721084,73.22405762888955
4.199510241717236,0.3273690575906821,25.20355793384358,0.329,4.376,4372.687000000005,87.60526795458652,73.22405762888955
4.199441710239282,0.3271494652759259,25.20760790627783,0.329,4.376,4381.031000000003,87.65704463735868,73.22405762888955
4.199734743546592,0.3261086044994972,25.19478164360914,0.327,4.376,4389.358999999997,87.70855761885026,73.22405762888955
4.199974016891383,0.3271910657688194,25.180815773988424,0.327,4.376,4397.687000000005,87.76024158879964,73.22405762888955
4.200036498239394,0.3279477502226142,25.166386520214964,0.327,4.376,4406.014999999999,87.81204508663544,73.22405762888955
4.200473970124258,0.3254263010756787,25.1651078868916,0.327,4.376,4414.406000000003,87.86383916187879,73.22405762888955
4.200491239472741,0.325137649601995,25.161659994181523,0.326,4.376,4422.764999999999,87.91538994884822,73.22405762888955
4.20093716174783,0.3240949825010132,25.147637294039445,0.326,4.376,4431.108999999997,87.96668321042469,73.22405762888955
4.19954617544104,0.3153064275442713,25.14490868467795,0.317,4.37,4439.452999999994,88.01658554134005,73.22405762888955
4.199796264559176,0.3192361521855938,25.13531993287877,0.317,4.37,4447.797000000006,88.06710981460213,73.22405762888955
4.19859081583594,0.3085461934831659,25.11963055917345,0.308,4.365,4456.139999999999,88.11593637697462,73.22405762888955
4.198900810587387,0.3067667982421284,25.12333966277992,0.308,4.365,4464.483999999997,88.16448717373112,73.22405762888955
4.198960879916894,0.3064634509757165,25.109039202175392,0.308,4.365,4472.812000000005,88.21289695458377,73.22405762888955
4.199213762175848,0.3065285763273962,25.094325774947595,0.308,4.365,4481.139999999999,88.26131702280989,73.22405762888955
4.199233925727536,0.3076326615463341,25.09484096294728,0.306,4.365,4489.483999999997,88.31000485640853,73.22405762888955
4.199349371454708,0.3056574098250206,25.073078129891147,0.306,4.365,4497.812000000005,88.35828731285972,73.22405762888955
4.199527541823527,0.306443279010985,25.076958545132594,0.306,4.365,4506.139999999999,88.40669390729515,73.22405762888955
4.199752755121686,0.3077780852139264,25.0689163001136,0.306,4.365,4514.468999999997,88.45531718909389,73.22405762888955
4.200032379627263,0.3042044436946929,25.06863098959573,0.306,4.365,4522.827999999994,88.50354900257736,73.22405762888955
4.2000187726763,0.306216029473578,25.05924068468702,0.305,4.365,4531.156000000003,88.55191970007225,73.22405762888955
4.200230548626251,0.3047401032224803,25.042174287542014,0.305,4.365,4539.483999999997,88.60005725633553,73.22405762888955
4.200505033488536,0.3048834177023874,25.032024392784663,0.305,4.365,4547.812000000005,88.64821745093488,73.22405762888955
4.200514065645593,0.3045650298365033,25.033188472357224,0.304,4.365,4556.156000000003,88.69641978230666,73.22405762888955
4.200805819204663,0.3020690655565984,25.025828872121348,0.304,4.365,4564.483999999997,88.74413541436451,73.22405762888955
4.199923738166569,0.2957772128675551,25.00680518317876,0.295,4.359,4572.812000000005,88.79085716865703,73.22405762888955
4.198611695496584,0.2863261988099617,25.00411664055016,0.287,4.354,4581.139999999999,88.83608601566179,73.22405762888955
4.1989031323357695,0.2864254342070897,25.007840664496136,0.287,4.354,4589.514999999999,88.88158588067962,73.22405762888955
4.198854972282619,0.2842754192063034,24.99692045056305,0.287,4.354,4597.843999999997,88.92649617312918,73.22405762888955
4.199043971245732,0.2854158449973483,24.990645919399142,0.286,4.354,4606.172000000006,88.9715812182274,73.22405762888955
4.199262582363542,0.2840664329248886,24.98500939856173,0.286,4.354,4614.5,89.01645310660979,73.22405762888955
4.199394533672959,0.2845198927090424,24.98195118925137,0.286,4.354,4622.843999999997,89.06148297152103,73.22405762888955
4.199359694447339,0.2842810386930164,24.970479575276432,0.286,4.354,4631.187000000005,89.10646964178387,73.22405762888955
4.199411971249309,0.2823017797879584,24.96950305345115,0.284,4.354,4639.514999999999,89.15106278086886,73.22405762888955
4.199818073149688,0.284448164934409,24.95649408613876,0.284,4.354,4647.843999999997,89.1960003639691,73.22405762888955
4.198622625352731,0.2756181949240874,24.9479878063642,0.276,4.349,4656.187000000005,89.23961616370903,73.22405762888955
4.198789680840606,0.2728494654036713,24.94472428268584,0.276,4.349,4664.547000000006,89.28288180019514,73.22405762888955
4.198823865115747,0.2754337822559317,24.92874368833275,0.276,4.349,4672.889999999999,89.32646841715187,73.22405762888955
4.19884451475771,0.2727674087302218,24.924071978581523,0.276,4.349,4681.202999999994,89.36947787527181,73.22405762888955
4.19915691783824,0.2745996348774713,24.90548924791047,0.275,4.349,4689.547000000006,89.41293769927742,73.22405762888955
4.199162550979993,0.2736193784702857,24.91010685824832,0.275,4.349,4697.889999999999,89.45623719196726,73.22405762888955
4.199504041636287,0.27526204277707,24.89995429374548,0.275,4.349,4706.233999999997,89.49980185271357,73.22405762888955
4.199603704791243,0.2727490928381462,24.89962819407812,0.275,4.349,4714.577999999994,89.54296879857534,73.22405762888955
4.199451529093212,0.2724192879484724,24.88872588454506,0.273,4.349,4722.906000000003,89.58600087299608,73.22405762888955
4.199795824862999,0.2714946844334289,24.876046451992824,0.273,4.349,4731.233999999997,89.62888689458924,73.22405762888955
4.19983732560066,0.2743914991035845,24.871187270327013,0.273,4.349,4739.593999999997,89.67239705077566,73.22405762888955
4.200176843637932,0.2741360251044994,24.875169301164547,0.273,4.349,4747.922000000006,89.71570030555814,73.22405762888955
4.200360272916567,0.2728646333719886,24.8625412206453,0.273,4.349,4756.25,89.75880272792497,73.22405762888955
4.200388694817381,0.2713244512424545,24.86156402785178,0.272,4.349,4764.577999999994,89.80166185903106,73.22405762888955
4.200485514864482,0.2715251009377677,24.84895642284844,0.272,4.349,4772.922000000006,89.84463508842056,73.22405762888955
4.200596158491394,0.2702171904960627,24.841463934851262,0.272,4.349,4781.25,89.88731931367764,73.22405762888955
4.19970494215878,0.2620202141843617,24.84932567793274,0.262,4.343,4789.577999999994,89.92870872278081,73.22405762888955
4.198551190024394,0.2530801776790232,24.83509299869792,0.254,4.338,4797.906000000003,89.968685939968,73.22405762888955
4.198502469579905,0.2529262291638144,24.82841477482063,0.254,4.338,4806.25,90.00871559773047,73.22405762888955
4.198558115123626,0.2531529178063814,24.81816750689526,0.254,4.338,4814.562000000005,90.04862747765357,73.22405762888955
4.198623347406073,0.2524329240669165,24.816196829858665,0.254,4.338,4822.889999999999,90.08850245294065,73.22405762888955
4.19863720222276,0.2526519525892084,24.816670413082196,0.254,4.338,4831.233999999997,90.12848870200861,73.22405762888955
4.199074418604454,0.2543428643622987,24.805580379596133,0.254,4.338,4839.593999999997,90.16881975377026,73.22405762888955
4.199077784795913,0.2530930173172956,24.80294060980928,0.253,4.338,4847.922000000006,90.20879899914083,73.22405762888955
4.199196990417209,0.2524051619446308,24.795661463607697,0.253,4.338,4856.281000000003,90.24881800262847,73.22405762888955
4.199288212995829,0.2523163287383801,24.79070963035707,0.253,4.338,4864.625,90.2887511338054,73.22405762888955
4.1992841665420215,0.2512479676833073,24.782703995896973,0.253,4.338,4872.952999999994,90.32843893023423,73.22405762888955
4.199500298393351,0.2502114011251313,24.7771031171719,0.253,4.338,4881.264999999999,90.36788705306698,73.22405762888955
4.199665358771305,0.2505796135125505,24.768895772274984,0.251,4.338,4889.608999999997,90.40754532103043,73.22405762888955
4.1997873260780665,0.2505158477672475,24.763625774989464,0.251,4.338,4897.952999999994,90.44719349703556,73.22405762888955
4.199997369106328,0.2512429327521558,24.75830299403271,0.251,4.338,4906.281000000003,90.48688049813335,73.22405762888955
4.200029842658794,0.2507003667938069,24.754397556205856,0.251,4.338,4914.608999999997,90.52648179407095,73.22405762888955
4.200187995825983,0.2497422382371402,24.730653824201863,0.251,4.338,4922.952999999994,90.56600753388258,73.22405762888955
4.200546311034415,0.2500863225766758,24.733192169074428,0.25,4.338,4931.312000000005,90.60565888387211,73.22405762888955
4.200742969357934,0.2506069745284429,24.726017542849373,0.25,4.338,4939.672000000006,90.64539753699641,73.22405762888955
4.19943290452751,0.2412489001676622,24.72532478610813,0.242,4.332,4948.014999999999,90.68357449305722,73.22405762888955
4.199606911908161,0.2418209288281476,24.71446579652793,0.242,4.332,4956.343999999997,90.72177775616177,73.22405762888955
4.198375300971487,0.2337721592207641,24.708193931054705,0.233,4.327,4964.672000000006,90.7587050274605,73.22405762888955
4.198509182843898,0.2324152058337472,24.704613621257167,0.233,4.327,4973.0,90.79541795079734,73.22405762888955
4.198637984048345,0.2313906793658651,24.69689938828246,0.233,4.327,4981.327999999994,90.8319690372116,73.22405762888955
4.198657999742397,0.2312045239178637,24.697795168290614,0.233,4.327,4989.656000000003,90.86849071801683,73.22405762888955
4.198971595372973,0.2331432577534001,24.687020572215072,0.232,4.327,4998.0,90.90538940127459,73.22405762888955
4.1988949346973605,0.2305252400805822,24.681879455505328,0.232,4.327,5006.327999999994,90.94180378060027,73.22405762888955
4.198876323837926,0.2320401669737064,24.68290812015344,0.232,4.327,5014.656000000003,90.97845746180253,73.22405762888955
4.199222192052417,0.2322656445880837,24.675944647751034,0.232,4.327,5023.0,91.01521724861301,73.22405762888955
4.199051227093573,0.2304349377155405,24.676109351308693,0.232,4.327,5031.343999999997,91.05168729651498,73.22405762888955
4.199205046434894,0.2316328249240495,24.665530860847557,0.232,4.327,5039.672000000006,91.08827663288497,73.22405762888955
4.19931126785412,0.229821651004859,24.64691041316176,0.232,4.327,5048.014999999999,91.12464525908858,73.22405762888955
4.199545705800709,0.2298009488983037,24.64514924056509,0.231,4.327,5056.343999999997,91.16094958624082,73.22405762888955
4.1996089457399535,0.2311737505521163,24.64597953652152,0.231,4.327,5064.656000000003,91.1973962488089,73.22405762888955
4.199708042405933,0.2299929026981718,24.63385595269097,0.231,4.327,5072.983999999997,91.23372653870744,73.22405762888955
4.199848307924865,0.2288079722217334,24.63013994995824,0.231,4.327,5081.312000000005,91.26986965384019,73.22405762888955
4.20010811022045,0.2296447664441986,24.62989295529815,0.231,4.327,5089.639999999999,91.30614495121124,73.22405762888955
4.200073022770393,0.2283294308246672,24.62180949547389,0.229,4.327,5097.952999999994,91.34214751155496,73.22405762888955
4.200451747039035,0.2319638663635888,24.61365314169173,0.229,4.327,5106.264999999999,91.37871874312923,73.22405762888955
4.200481492006074,0.2278824282781899,24.6124265157698,0.229,4.327,5114.608999999997,91.41478481521759,73.22405762888955
4.200708630592308,0.2279332923652586,24.60472541452292,0.229,4.327,5122.922000000006,91.45072491318523,73.22405762888955
4.199526302564342,0.2172996696385178,24.600469961086556,0.22,4.322,5131.233999999997,91.48498419961605,73.22405762888955
4.199521648836404,0.2176664698122825,24.601779790955696,0.22,4.322,5139.562000000005,91.5193673734302,73.22405762888955
4.199406403124664,0.218891591066185,24.59918796090201,0.22,4.322,5147.889999999999,91.55394407065216,73.22405762888955
4.1996190237597215,0.2210929045801085,24.592241689987944,0.22,4.322,5156.218999999997,91.58887268681933,73.22405762888955
4.199672401369301,0.2178580360983987,24.59056852054865,0.22,4.322,5164.547000000006,91.62328612095293,73.22405762888955
4.19998271263849,0.2185158400496843,24.57037462787782,0.22,4.322,5172.858999999997,91.65773714780624,73.22405762888955
4.200130818376628,0.2173516527415144,24.5771835342342,0.22,4.322,5181.187000000005,91.69207059227958,73.22405762888955
4.200068717993257,0.2175648823558689,24.559238094813384,0.218,4.322,5189.514999999999,91.72643771906918,73.22405762888955
4.200359730877984,0.2183102694761987,24.568234276499982,0.218,4.322,5197.843999999997,91.76092673002303,73.22405762888955
4.20035194144956,0.2151731929722844,24.558064338711088,0.218,4.322,5206.156000000003,91.79485075789913,73.22405762888955
4.200491980733227,0.2166898553598421,24.555428737460637,0.218,4.322,5214.483999999997,91.82907966309989,73.22405762888955
4.200727168192794,0.2175105653159394,24.545681250586465,0.218,4.322,5223.0,91.86421383503988,73.22405762888955
4.199617003745575,0.2089268340410372,24.538035687987964,0.208,4.316,5231.422000000006,91.8975889809291,73.22405762888955
4.199574148776595,0.2093728552400875,24.548245649735268,0.21,4.316,5239.906000000003,91.931281598139,73.22405762888955
4.199881592580176,0.2075706058527885,24.53298949866389,0.208,4.316,5248.327999999994,91.96444009252023,73.22405762888955
4.199725996285913,0.2069968468305033,24.53490408094452,0.208,4.316,5256.797000000006,91.99769146494742,73.22405762888955
4.199901830374898,0.2064682769789914,24.52517397915405,0.208,4.316,5265.218999999997,92.03067386712321,73.22405762888955
4.2000113142601565,0.2068149889507033,24.519976374027294,0.208,4.316,5273.608999999997,92.06358612554477,73.22405762888955
4.200073238855608,0.2075819249093674,24.51073473763164,0.208,4.316,5282.047000000006,92.09680942558339,73.22405762888955
4.200270754275604,0.20776759400335,24.50659583375037,0.208,4.316,5290.452999999994,92.12993633412319,73.22405762888955
4.2003183913738695,0.2073938665668143,24.515816322384268,0.207,4.316,5298.843999999997,92.16294464812383,73.22405762888955
4.2002498586009605,0.2062475392674921,24.501805571853488,0.207,4.316,5307.264999999999,92.19588787638507,73.22405762888955
4.200333242932612,0.2066898594752686,24.5007333640864,0.207,4.316,5315.672000000006,92.22884686905462,73.22405762888955
4.200684620777191,0.2067117200218886,24.49862391252737,0.207,4.316,5324.047000000006,92.2616838808397,73.22405762888955
4.1993903960209344,0.1984773946805797,24.491117772595064,0.199,4.311,5332.468999999997,92.29338977459705,73.22405762888955
4.19929468680801,0.196305164780277,24.48654742441357,0.199,4.311,5340.843999999997,92.32457366203543,73.22405762888955
4.199777326974923,0.1973469352218369,24.4924615583456,0.199,4.311,5349.233999999997,92.35597918715563,73.22405762888955
4.199717725288304,0.1988732236091338,24.48705313156797,0.199,4.311,5357.608999999997,92.38757102136171,73.22405762888955
4.199820018118446,0.1951953042614064,24.46947002404824,0.197,4.311,5365.968999999997,92.41852306689889,73.22405762888955
4.199922662223672,0.1949837782529792,24.46905664270496,0.197,4.311,5374.312000000005,92.44937869828111,73.22405762888955
4.2000150808222285,0.1944978075579982,24.46994297147436,0.197,4.311,5382.656000000003,92.48016111534335,73.22405762888955
4.200053829582613,0.1975473498240805,24.461073420290187,0.197,4.311,5391.0,92.511426171686,73.22405762888955
4.2002229147313,0.1958971844040689,24.456295242945803,0.197,4.311,5399.327999999994,92.54237061134573,73.22405762888955
4.200246678258318,0.1942673558154001,24.45085691931308,0.197,4.311,5407.656000000003,92.57305759895195,73.22405762888955
4.200391567982171,0.1956956066909148,24.456855462378574,0.197,4.311,5416.0,92.60402958705835,73.22405762888955
4.200628275632895,0.195512559803188,24.44923848344846,0.196,4.311,5424.327999999994,92.63491327039436,73.22405762888955
4.199610846008695,0.1857338853002643,24.445811042622136,0.188,4.305,5432.656000000003,92.66425228832837,73.22405762888955
4.19940718785834,0.1889323939579078,24.44593878709153,0.188,4.305,5441.0,92.69415388886773,73.22405762888955
4.199307795788872,0.1887311758416058,24.44129281089783,0.188,4.305,5449.327999999994,92.72396636677807,73.22405762888955
4.1995291512659225,0.1869136424310367,24.43148227084215,0.188,4.305,5457.672000000006,92.75354846730754,73.22405762888955
4.199512036665254,0.1888744170036289,24.426141379915123,0.188,4.305,5465.983999999997,92.78332625188655,73.22405762888955
4.199711488824741,0.18612402512967,24.424633596566952,0.188,4.305,5474.327999999994,92.81278338273432,73.22405762888955
4.199897851344815,0.1862434936315845,24.41181287229397,0.188,4.305,5482.656000000003,92.84220289975416,73.22405762888955
4.199911121966918,0.1856305349867561,24.41248341122916,0.188,4.305,5490.983999999997,92.87152559219804,73.22405762888955
4.200015576357473,0.1864865237825588,24.406941876381364,0.186,4.305,5499.312000000005,92.90098349890614,73.22405762888955
4.200187401537408,0.1856725210213509,24.40881659259482,0.186,4.305,5507.639999999999,92.93031282357559,73.22405762888955
4.200267973917029,0.1860480268256197,24.38606650555857,0.186,4.305,5515.968999999997,92.95970499303479,73.22405762888955
4.200395869958511,0.1853352884229635,24.393101966980403,0.186,4.305,5524.312000000005,92.9890337781929,73.22405762888955
4.200389454117154,0.183684396175795,24.39871062566816,0.186,4.305,5532.639999999999,93.0180490533802,73.22405762888955
4.2004690391810975,0.1861826011227889,24.388679239181343,0.186,4.305,5540.952999999994,93.04740597993873,73.22405762888955
4.200722572747756,0.184496309411226,24.386629659223505,0.186,4.305,5549.297000000006,93.07660549850428,73.22405762888955
4.199562968729898,0.1764765163288788,24.375625501918023,0.177,4.3,5557.625,93.10448219784283,73.22405762888955
4.199625824476678,0.1762383600814685,24.38351066653625,0.177,4.3,5566.014999999999,93.13252853278316,73.22405762888955
4.199422062684174,0.1770129002571016,24.36895836224885,0.177,4.3,5574.375,93.16059740139737,73.22405762888955
4.199483249087952,0.1747987445191715,24.363132164943234,0.177,4.3,5582.702999999994,93.18820907544378,73.22405762888955
4.199713146461973,0.1758599604309379,24.36090369281949,0.177,4.3,5591.047000000006,93.21604175240044,73.22405762888955
4.199718061609655,0.1757583383984433,24.351466475943432,0.177,4.3,5599.422000000006,93.24396169147647,73.22405762888955
4.19984294162978,0.1772013722074122,24.359980120776896,0.177,4.3,5607.764999999999,93.27200330740082,73.22405762888955
4.199942361357024,0.1762322369621468,24.350247987304844,0.177,4.3,5616.077999999994,93.29979127902944,73.22405762888955
4.200152571457951,0.1753731610584407,24.35388974375436,0.177,4.3,5624.422000000006,93.32754691212891,73.22405762888955
4.199983505830524,0.1750622492822308,24.34402715817097,0.177,4.3,5632.733999999997,93.35514708175347,73.22405762888955
4.200234654122792,0.1741637538532209,24.34616723313812,0.175,4.3,5641.077999999994,93.38271130664396,73.22405762888955
4.200471221329693,0.1753754775326416,24.33520250434517,0.175,4.3,5649.422000000006,93.41046730636286,73.22405762888955
4.200527286613649,0.1751904660755739,24.33760419437894,0.175,4.3,5657.75,93.43814085778695,73.22405762888955
4.200520575995035,0.1750852025463605,24.32843320187681,0.175,4.3,5666.062000000005,93.4657446462042,73.22405762888955
4.20063564238286,0.1740594531419472,24.32971630049897,0.175,4.3,5674.422000000006,93.49334518782693,73.22405762888955
4.1995410488526685,0.1646535300166102,24.31933242483601,0.167,4.295,5682.75,93.51935429683921,73.22405762888955
4.199585127707174,0.1645734825269491,24.327027024611187,0.166,4.295,5691.077999999994,93.54535076133736,73.22405762888955
4.199533668923577,0.1630824812915721,24.316957653237303,0.167,4.295,5699.422000000006,93.57116119600344,73.22405762888955
4.199524032049338,0.1668476570878713,24.30709444396953,0.166,4.295,5707.764999999999,93.59756436579639,73.22405762888955
4.199640946548006,0.1635536705442193,24.30674197166762,0.166,4.295,5716.093999999997,93.62340284031467,73.22405762888955
4.199661384888671,0.1657143269781464,24.30773677160672,0.166,4.295,5724.437000000005,93.64962666382351,73.22405762888955
4.199991034863638,0.1640997361642215,24.302920575485683,0.166,4.295,5732.75,93.67550160527236,73.22405762888955
4.199828746649439,0.1633220486003572,24.304864412170694,0.166,4.295,5741.077999999994,93.70130038994297,73.22405762888955
4.199981394963382,0.1623831805904943,24.29916151081949,0.166,4.295,5749.452999999994,93.7270956298751,73.22405762888955
4.199906194343162,0.1650932079272498,24.294245383567773,0.166,4.295,5757.764999999999,93.75312408867387,73.22405762888955
4.200138642862688,0.1625887775337489,24.300086078636998,0.166,4.295,5766.077999999994,93.7787607849737,73.22405762888955
4.200030915761061,0.1627328454679766,24.29637892340908,0.164,4.295,5774.422000000006,93.80451588412788,73.22405762888955
4.20035775266619,0.1609896489020549,24.29272222063144,0.164,4.295,5782.75,93.82994623674601,73.22405762888955
4.200153801607533,0.1628261342505063,24.291992363674964,0.164,4.295,5791.077999999994,93.85566668546849,73.22405762888955
4.200802798075084,0.1635844692108262,24.28186155183727,0.164,4.295,5799.422000000006,93.88155656782442,73.22405762888955
4.2005088206353545,0.1618650138860694,24.282960885828917,0.164,4.295,5807.75,93.90712519542086,73.22405762888955
4.200442913158932,0.1621074444097357,24.2703857749392,0.164,4.295,5816.108999999997,93.93282743674283,73.22405762888955
4.20066993139557,0.164001062564707,24.264378015536348,0.164,4.295,5824.437000000005,93.95873348026312,73.22405762888955
4.201029468128667,0.1635195347630885,24.267060920431412,0.164,4.295,5832.75,93.98451693663326,73.22405762888955
4.201123737184398,0.1620200593177254,24.267523586025728,0.163,4.295,5841.062000000005,94.01006088536059,73.22405762888955
4.201152723531449,0.1632188939563514,24.263721410375048,0.163,4.295,5849.422000000006,94.0359424436152,73.22405762888955
4.201047240730228,0.1641505653063894,24.257058907949407,0.163,4.295,5857.733999999997,94.06182228615693,73.22405762888955
4.201027123824566,0.1631449180158655,24.24948859578284,0.163,4.295,5866.093999999997,94.08769211407464,73.22405762888955
4.2011806627449735,0.1622839939653599,24.239323541303182,0.163,4.295,5874.483999999997,94.11351777001073,73.22405762888955
4.20142434325803,0.1613828723203717,24.24396987345598,0.163,4.295,5882.889999999999,94.13924899954584,73.22405762888955
4.201503867512864,0.1612166623781073,24.24651137899772,0.163,4.295,5891.218999999997,94.16471826971826,73.22405762888955
4.2015839391689935,0.1613264568020151,24.236625142186227,0.162,4.295,5899.547000000006,94.19020182540706,73.22405762888955
4.200614634120477,0.1528183599875567,24.23993619360497,0.153,4.289,5907.875,94.21434141952078,73.22405762888955
4.199203338480399,0.1454104269872193,24.23015474079699,0.145,4.284,5916.202999999994,94.23731083685821,73.22405762888955
4.199159530696625,0.1434521183730485,24.22642753246581,0.145,4.284,5924.531000000003,94.25997091456463,73.22405762888955
4.199229642457029,0.1447533738835643,24.2223642001907,0.145,4.284,5932.858999999997,94.28283654204832,73.22405762888955
4.199304671754729,0.1452922008525368,24.22162014011844,0.145,4.284,5941.202999999994,94.30583137771606,73.22405762888955
4.199312642817012,0.1446314446748117,24.22094441729054,0.145,4.284,5949.547000000006,94.32872163805473,73.22405762888955
4.199245004731828,0.144275932361077,24.218037041220757,0.145,4.284,5957.858999999997,94.35146806238225,73.22405762888955
4.199445050942513,0.1426008313776336,24.205362171502408,0.145,4.284,5966.187000000005,94.37399366853339,73.22405762888955
4.199517879029061,0.1445786546533789,24.21598509559547,0.145,4.284,5974.514999999999,94.3968316969033,73.22405762888955
4.199595397879567,0.142352617304315,24.20777446951087,0.145,4.284,5982.843999999997,94.41932079459578,73.22405762888955
4.1994226496675,0.1429652797678736,24.21244510262941,0.145,4.284,5991.156000000003,94.44186058251807,73.22405762888955
4.199570809697447,0.1423236681932708,24.211220476146263,0.145,4.284,5999.483999999997,94.46434240723627,73.22405762888955
4.199736138163643,0.1444128102272814,24.211544234423307,0.145,4.284,6007.797000000006,94.48711315078799,73.22405762888955
4.199725031007123,0.1439117234871464,24.202735094684574,0.145,4.284,6016.108999999997,94.5098021542453,73.22405762888955
4.199710926994532,0.1427032590238748,24.200603287942634,0.145,4.284,6024.437000000005,94.53234394013955,73.22405762888955
4.199753688916841,0.1445071999612704,24.19135583927016,0.145,4.284,6032.733999999997,94.55508571147851,73.22405762888955
4.199826638324982,0.1438047302447327,24.195126560958983,0.145,4.284,6041.062000000005,94.57780148869293,73.22405762888955
4.200077026286284,0.1422188094303817,24.18419474130563,0.144,4.284,6049.389999999999,94.60026674964237,73.22405762888955
4.199897493880042,0.1425522874705126,24.191865193363277,0.144,4.284,6057.718999999997,94.62278739155198,73.22405762888955
4.200088796715814,0.1410726579751882,24.178255439077464,0.144,4.284,6066.031000000003,94.64502879028572,73.22405762888955
4.200412406840981,0.1425501875911342,24.181305417082392,0.144,4.284,6074.358999999997,94.66754639660977,73.22405762888955
4.200225553083252,0.1415169696767432,24.17865070829976,0.144,4.284,6082.672000000006,94.68986052940487,73.22405762888955
4.200544703673635,0.1409222202449919,24.18305411911088,0.144,4.284,6090.983999999997,94.71207821025028,73.22405762888955
4.200554608403404,0.1398142807947079,24.177487202797284,0.144,4.284,6099.327999999994,94.73420607666027,73.22405762888955
4.199111609898754,0.1322793249615594,24.177649078088063,0.134,4.278,6107.639999999999,94.75506112577416,73.22405762888955
4.199286869224969,0.1333098958596843,24.16870497391377,0.134,4.278,6115.952999999994,94.77608118242111,73.22405762888955
4.199205245482016,0.1327907617463133,24.168447846797974,0.134,4.278,6124.281000000003,94.79705716391231,73.22405762888955
4.199323799957015,0.1339154473739829,24.17093321570337,0.134,4.278,6132.608999999997,94.81821080373301,73.22405762888955
4.199340494015624,0.13292933984361,24.16530830061992,0.134,4.278,6140.922000000006,94.83917085501459,73.22405762888955
4.199297457434728,0.1323399284258455,24.171525717430523,0.134,4.278,6149.233999999997,94.86003545882056,73.22405762888955
4.199448456016006,0.1320761694578576,24.168794902205573,0.134,4.278,6157.547000000006,94.88086098378116,73.22405762888955
4.199498514576907,0.1314921010251844,24.157529283028747,0.134,4.278,6165.875,94.90163182537485,73.22405762888955
4.199551970815447,0.1309589980166895,24.15605898320626,0.134,4.278,6174.187000000005,94.92227871283315,73.22405762888955
4.199525787372237,0.1303873622853091,24.15915412924056,0.134,4.278,6182.514999999999,94.9428750469607,73.22405762888955
4.199724237146052,0.1342384984958336,24.14802143689219,0.134,4.278,6190.827999999994,94.96404152394568,73.22405762888955
4.199701803800397,0.1328540074828406,24.15259852563409,0.134,4.278,6199.156000000003,94.98502749590145,73.22405762888955
4.199810090046711,0.1304996837427663,24.14982873383633,0.133,4.278,6207.468999999997,95.00560444352408,73.22405762888955
4.199952785124516,0.1332601981632702,24.144671979999547,0.133,4.278,6215.781000000003,95.02661413629676,73.22405762888955
4.200052636785951,0.1315424428249309,24.135792638785983,0.133,4.278,6224.093999999997,95.04735550423368,73.22405762888955
4.199906064139794,0.131775775013826,24.141909441955345,0.133,4.278,6232.422000000006,95.06817115572424,73.22405762888955
4.199905033401339,0.1314974100536637,24.133654701861914,0.133,4.278,6240.733999999997,95.08890292877955,73.22405762888955
4.2001665763041744,0.1315228974776498,24.12524639919184,0.133,4.278,6249.062000000005,95.10967863506272,73.22405762888955
4.200234435253734,0.1314879454970253,24.135016924766152,0.133,4.278,6257.483999999997,95.13068325796706,73.22405762888955
4.200200059610654,0.1315309956628106,24.136274193457727,0.133,4.278,6265.889999999999,95.15165484058744,73.22405762888955
4.200332682892149,0.1301019202367208,24.12577732077988,0.133,4.278,6274.25,95.17228505285037,73.22405762888955
4.20041885935945,0.1288532373541125,24.129686753078506,0.133,4.278,6282.562000000005,95.19259994782193,73.22405762888955
4.20046762015732,0.1319980565905851,24.11884643222979,0.133,4.278,6290.889999999999,95.21345071150084,73.22405762888955
4.200478219267038,0.1281155611656398,24.12013833197236,0.133,4.278,6299.218999999997,95.23369061594052,73.22405762888955
4.200609880895836,0.1300774993770804,24.118500145119366,0.133,4.278,6307.547000000006,95.25423800329995,73.22405762888955
4.199515102147056,0.1238998164225637,24.116820365748776,0.123,4.273,6315.875,95.2738095474485,73.22405762888955
4.199524282445324,0.1211863876012433,24.121735013826505,0.123,4.273,6324.187000000005,95.29291569322066,73.22405762888955
4.199493387722517,0.1205137562089929,24.114002315114902,0.123,4.273,6332.5,95.31191807834679,73.22405762888955
4.199433134785021,0.1227424644886258,24.11155039080361,0.123,4.273,6340.827999999994,95.33130680410929,73.22405762888955
4.199528242590961,0.1221669073264362,24.103716368150117,0.123,4.273,6349.187000000005,95.35067644715745,73.22405762888955
4.199811770675951,0.1205323947505975,24.0999747839034,0.123,4.273,6357.514999999999,95.36971606443296,73.22405762888955
4.199417687476142,0.1223719105517107,24.098261576200425,0.123,4.273,6365.827999999994,95.38901143988281,73.22405762888955
4.199768692433662,0.1222002303891125,24.09539800022369,0.123,4.273,6374.156000000003,95.40831451290651,73.22405762888955
4.199822413326432,0.1224158390699847,24.093790971423207,0.123,4.273,6382.468999999997,95.42761681492348,73.22405762888955
4.200017121743926,0.1205612516900733,24.098412762405577,0.123,4.273,6390.797000000006,95.44666099051784,73.22405762888955
4.199912450144983,0.1208751580348633,24.08871378367624,0.123,4.273,6399.108999999997,95.4657180680936,73.22405762888955
4.199753407732131,0.1207213611879629,24.090056185239888,0.123,4.273,6407.422000000006,95.48475318798705,73.22405762888955
4.200030121769187,0.1201770438054711,24.088454976258102,0.123,4.273,6415.733999999997,95.50370020145003,73.22405762888955
4.199751047683124,0.1210180497644255,24.086527913008226,0.122,4.273,6424.047000000006,95.52278210264686,73.22405762888955
4.199932265092009,0.1218776864693724,24.07814568684338,0.122,4.273,6432.358999999997,95.54199723802755,73.22405762888955
4.20006292962247,0.121204463182865,24.08943724365166,0.122,4.273,6440.702999999994,95.5611798004551,73.22405762888955
4.200306852396133,0.1200075413056286,24.081175863066527,0.122,4.273,6449.014999999999,95.58010009029397,73.22405762888955
4.200335471396813,0.1197965461069794,24.08301445924257,0.122,4.273,6457.343999999997,95.59902574322287,73.22405762888955
4.2002906149024,0.1208944328280866,24.07368448895125,0.122,4.273,6465.672000000006,95.6181225489949,73.22405762888955
4.200329652882095,0.1218413724503447,24.06386524654484,0.122,4.273,6473.983999999997,95.63733195913733,73.22405762888955
4.200436551529255,0.1212810441820651,24.058087864754334,0.122,4.273,6482.312000000005,95.6564898350659,73.22405762888955
4.200429039696966,0.1200634367627451,24.06076980481893,0.122,4.273,6490.639999999999,95.67545537449183,73.22405762888955
4.2006760675453085,0.1190283818482076,24.06918557343542,0.122,4.273,6498.952999999994,95.69422354854905,73.22405762888955
4.199437943384191,0.1119646225487228,24.06198205941126,0.113,4.268,6507.281000000003,95.71190977776686,73.22405762888955
4.199339344375123,0.1101617028570027,24.056493216613354,0.113,4.268,6515.593999999997,95.72927987035786,73.22405762888955
4.199431408411552,0.1116847968481465,24.06813786231468,0.113,4.268,6523.922000000006,95.7469218975646,73.22405762888955
4.199417715877582,0.1123210433666575,24.05815137731467,0.113,4.268,6532.25,95.76466442796163,73.22405762888955
4.199566452426305,0.1117901643006251,24.062351247118457,0.113,4.268,6540.562000000005,95.78228917292927,73.22405762888955
4.199579640374278,0.1127693543013274,24.058187435641745,0.112,4.268,6548.889999999999,95.8001025197125,73.22405762888955
4.199453474260541,0.112168671992603,24.05160639942584,0.112,4.268,6557.218999999997,95.81782310869951,73.22405762888955
4.1995280584046695,0.111562133526427,24.05083146490718,0.112,4.268,6565.547000000006,95.8354457596821,73.22405762888955
4.199668057788294,0.112178231218717,24.04093432197322,0.112,4.268,6574.014999999999,95.85346361725969,73.22405762888955
4.199611409200872,0.1112230508388834,24.040485303228117,0.112,4.268,6582.437000000005,95.87123101207534,73.22405762888955
4.199836777977099,0.1124717412755944,24.032192268019795,0.112,4.268,6590.906000000003,95.88929814601455,73.22405762888955
4.199694511845794,0.1101750846743488,24.041602935463988,0.112,4.268,6599.312000000005,95.9068646966159,73.22405762888955
4.199908424383721,0.1109565610629075,24.042843476513777,0.112,4.268,6607.718999999997,95.92455795206631,73.22405762888955
4.199985473934764,0.1099718357894892,24.04033328966045,0.112,4.268,6616.172000000006,95.94219013391623,73.22405762888955
4.199934261778994,0.1111692050890781,24.04529697007128,0.112,4.268,6624.593999999997,95.95994892710935,73.22405762888955
4.2001376171903,0.1113535848034036,24.031908037894624,0.112,4.268,6633.031000000003,95.97776885590449,73.22405762888955
4.200129821037612,0.1109703158898236,24.025317476089427,0.112,4.268,6641.422000000006,95.99543062716262,73.22405762888955
4.199938081986098,0.1062578687637679,24.03370422059957,0.112,4.268,6649.812000000005,96.01234036109351,73.22405762888955
4.200137714430139,0.1086362172721045,24.02863229720707,0.112,4.268,6658.156000000003,96.02953379576572,73.22405762888955
4.20024634101194,0.1099864758983621,24.024239166904437,0.11,4.268,6666.514999999999,96.04697222344548,73.22405762888955
4.20034793043624,0.1093508174058253,24.023569706858307,0.11,4.268,6674.875,96.06431194118449,73.22405762888955
4.200303399062092,0.1083255279692753,24.0262685134446,0.11,4.268,6683.233999999997,96.08148702448392,73.22405762888955
4.200306193929868,0.1100786880967975,24.017644828472907,0.11,4.268,6691.593999999997,96.09894216040298,73.22405762888955
4.200449783438855,0.1089374746057507,24.024677686547545,0.11,4.268,6699.937000000005,96.11618120762148,73.22405762888955
4.200513759040586,0.1084003456223413,24.020279756743907,0.11,4.268,6708.281000000003,96.13333731179836,73.22405762888955
4.2004989843986325,0.1097529318465193,24.01703168912294,0.11,4.268,6716.625,96.15070748457471,73.22405762888955
4.200532544018144,0.1092753288361352,24.016934318669463,0.11,4.268,6724.952999999994,96.16796890581337,73.22405762888955
4.200690258232189,0.1071049470977812,24.01178821610816,0.11,4.268,6733.281000000003,96.18488748778695,73.22405762888955
4.200766587367088,0.1090612675820618,24.008163479105125,0.11,4.268,6741.608999999997,96.20211509534126,73.22405762888955
4.200837554304084,0.1072195592393974,24.01285927120998,0.11,4.268,6749.952999999994,96.21908432101621,73.22405762888955
4.200804857570918,0.1086318602032277,24.00027195035196,0.11,4.268,6758.281000000003,96.23624409824025,73.22405762888955
4.20101854939582,0.1065150742909745,24.0049808390254,0.11,4.268,6766.608999999997,96.25306950233819,73.22405762888955
4.20087824693171,0.1077997238610017,24.004497259680136,0.11,4.268,6774.937000000005,96.27009783309501,73.22405762888955
4.201180911431384,0.1073102637109769,24.0015763717582,0.11,4.268,6783.264999999999,96.28704884742619,73.22405762888955
4.2012677337879785,0.107192805433184,23.99937747816309,0.109,4.268,6791.608999999997,96.30401383887954,73.22405762888955
4.201225169630831,0.1083976104978626,23.99517530678498,0.109,4.268,6799.922000000006,96.32110577266563,73.22405762888955
4.201386709430864,0.1042992097398037,23.998890771754574,0.109,4.268,6808.25,96.33758115291252,73.22405762888955
4.201242523900232,0.1064732520884217,23.99524889680267,0.109,4.268,6816.639999999999,96.35452516265521,73.22405762888955
4.201176244886765,0.1081361870186611,23.998731298647275,0.109,4.268,6825.031000000003,96.37173586071022,73.22405762888955
4.201538180640692,0.1056575088425356,23.99783371243607,0.109,4.268,6833.452999999994,96.38861418458897,73.22405762888955
4.20159480877989,0.1059664376538878,23.99963476300947,0.109,4.268,6841.858999999997,96.40550969952861,73.22405762888955
4.200229258281789,0.0993425387640818,23.994876952196883,0.101,4.262,6850.202999999994,96.42123225958545,73.22405762888955
4.200363413186044,0.0971221213031909,23.99245120440144,0.101,4.262,6858.547000000006,96.43660340274364,73.22405762888955
4.200435470786927,0.0988524575832564,23.98187875149467,0.101,4.262,6866.889999999999,96.45224652454453,73.22405762888955
4.200424985186314,0.0981209725926582,23.98291674395792,0.101,4.262,6875.218999999997,96.46774783516393,73.22405762888955
4.200458136088803,0.0966287723441549,23.993056086738523,0.101,4.262,6883.547000000006,96.4830115727429,73.22405762888955
4.200211333338067,0.0981427996668323,23.983354792333085,0.101,4.262,6891.875,96.49851447009983,73.22405762888955
4.200701696003789,0.0983371009894907,23.981050883505567,0.099,4.262,6900.202999999994,96.51404805980987,73.22405762888955
4.19931015150594,0.0879086241633636,23.97942275905117,0.091,4.257,6908.531000000003,96.52793433961668,73.22405762888955
4.199177398283845,0.088727550311083,23.982980183639093,0.091,4.257,6916.858999999997,96.54194997917325,73.22405762888955
4.199053667419388,0.0901182430208691,23.97930217917149,0.091,4.257,6925.172000000006,96.55615965626444,73.22405762888955
4.1991933639642856,0.0904511504356969,23.97927596773767,0.091,4.257,6933.5,96.57044756027554,73.22405762888955
4.199185975920972,0.088207969976779,23.982261920274905,0.091,4.257,6941.827999999994,96.58438112554222,73.22405762888955
4.199122341092518,0.0910022756128278,23.97677953875537,0.091,4.257,6950.139999999999,96.59872846914965,73.22405762888955
4.1993698061686136,0.0892825731677523,23.971664332739778,0.091,4.257,6958.468999999997,96.61283347507245,73.22405762888955
4.199275253533462,0.0894124402225469,23.977802229371637,0.091,4.257,6966.797000000006,96.62695730165893,73.22405762888955
4.19923445702351,0.0902385469129452,23.967417718427296,0.091,4.257,6975.108999999997,96.64118423643032,73.22405762888955
4.199003318997803,0.0900406771050661,23.96937780422884,0.091,4.257,6983.437000000005,96.65540730098371,73.22405762888955
4.1993871301879375,0.0890603422428859,23.970412111833863,0.091,4.257,6991.764999999999,96.66947550923793,73.22405762888955
4.199126203382882,0.0905402483325873,23.962597089310016,0.091,4.257,7000.093999999997,96.683779204726,73.22405762888955
4.1994275326183415,0.0889396856073748,23.96247422946629,0.091,4.257,7008.406000000003,96.69780136209681,73.22405762888955
4.199456885743464,0.0901736023357261,23.95799876415688,0.091,4.257,7016.733999999997,96.71204542387272,73.22405762888955
4.199380087816582,0.0894089931985699,23.957980611145256,0.091,4.257,7025.047000000006,96.72614326776994,73.22405762888955
4.199414872891648,0.0888535476027994,23.95961473189005,0.091,4.257,7033.375,96.74017881019346,73.22405762888955
4.199492832873458,0.0894735503879825,23.949391560441075,0.091,4.257,7041.687000000005,96.7542851362446,73.22405762888955
4.199334699731185,0.0888449439185141,23.950584635881327,0.091,4.257,7050.031000000003,96.7683462824956,73.22405762888955
4.199685166135273,0.0886196969757742,23.955494191029796,0.09,4.257,7058.358999999997,96.78234488525283,73.22405762888955
4.19957349104509,0.0881079776964513,23.95289048992054,0.09,4.257,7066.672000000006,96.79623758744337,73.22405762888955
4.199559563397469,0.0884302692681338,23.95203391375362,0.09,4.257,7075.0,96.81020626769667,73.22405762888955
4.199542326488345,0.0884885031142363,23.956674153344608,0.09,4.257,7083.327999999994,96.82418414672301,73.22405762888955
4.199601659828369,0.0886562437819381,23.945550870308026,0.09,4.257,7091.639999999999,96.83816161688974,73.22405762888955
4.199543434691044,0.0882628676345179,23.942324205153128,0.09,4.257,7099.968999999997,96.85210552807618,73.22405762888955
4.199809686852764,0.0878192908061426,23.938686636635484,0.09,4.257,7108.297000000006,96.86597769654855,73.22405762888955
4.199753356421499,0.0886068142038042,23.927605376477423,0.09,4.257,7116.625,96.8799742643089,73.22405762888955
4.1999713647082215,0.0889365130769979,23.943304260371875,0.09,4.257,7124.968999999997,96.89404990285706,73.22405762888955
4.200004685447468,0.0873261249123116,23.942838642081256,0.09,4.257,7133.297000000006,96.90784416953473,73.22405762888955
4.19975675712842,0.0870107652820637,23.94078254230666,0.09,4.257,7141.608999999997,96.92156221492027,73.22405762888955
4.20000990435798,0.086703490148548,23.92878185019961,0.09,4.257,7149.937000000005,96.93525812855657,73.22405762888955
4.199962991418714,0.0891881366249456,23.928236192855096,0.09,4.257,7158.264999999999,96.94934652355087,73.22405762888955
4.199989030918527,0.0861067044480854,23.929403053594324,0.09,4.257,7166.593999999997,96.96294980057506,73.22405762888955
4.199977355534696,0.0866577751983555,23.93400924801928,0.09,4.251,7174.906000000003,96.97661219383559,73.22405762888955
4.200280697558892,0.085940181362715,23.928231002460947,0.09,4.257,7183.218999999997,96.99016308192866,73.22405762888955
4.20015996010153,0.0872943420195733,23.92936146546752,0.09,4.257,7191.547000000006,97.00395232809615,73.22405762888955
4.199960864647019,0.0873428653228298,23.92111205685293,0.09,4.257,7199.858999999997,97.0177227320998,73.22405762888955
4.200308736989101,0.0885206746536882,23.92181899792685,0.088,4.257,7208.172000000006,97.03168050757964,73.22405762888955
4.200260655461737,0.0854326558700397,23.929894127155915,0.088,4.257,7216.5,97.04517567685727,73.22405762888955
4.200267511462565,0.087592705623006,23.932898272978758,0.088,4.257,7224.812000000005,97.0589854704763,73.22405762888955
4.200390175022151,0.0838823081499524,23.92006427169975,0.088,4.257,7233.139999999999,97.07223574270948,73.22405762888955
4.200467205848948,0.0855879827927452,23.92108469055644,0.088,4.257,7241.468999999997,97.08575707124403,73.22405762888955
4.20049741713434,0.0879067460514969,23.92759773891968,0.088,4.257,7249.781000000003,97.09961637621764,73.22405762888955
4.200507332851047,0.0864889429702863,23.92200117560437,0.088,4.257,7258.108999999997,97.1132783994117,73.22405762888955
4.200577200163431,0.0882709072630707,23.917355059539087,0.088,4.257,7266.437000000005,97.12722190641935,73.22405762888955
4.20032161686402,0.0870444868028885,23.91127656381735,0.088,4.257,7274.75,97.14094691934207,73.22405762888955
4.20056231924187,0.0856377051449346,23.91694973765484,0.088,4.257,7283.047000000006,97.15442412399986,73.22405762888955
4.200858589682835,0.0856691904222315,23.922071264171088,0.088,4.257,7291.375,97.16795665690371,73.22405762888955
4.200840679797511,0.086433819152436,23.91466206911535,0.088,4.257,7299.687000000005,97.18158374143901,73.22405762888955
4.200843209849177,0.0875021274598137,23.911442337311044,0.088,4.257,7308.014999999999,97.1954058099466,73.22405762888955
4.200861743450012,0.0857101645672332,23.90448243189919,0.088,4.257,7316.327999999994,97.20892042941882,73.22405762888955
4.200965355649612,0.0867523369388052,23.90619484413526,0.088,4.257,7324.639999999999,97.22259773120523,73.22405762888955
4.201000834494313,0.0867963755968264,23.913316495923706,0.088,4.257,7332.968999999997,97.23630996359768,73.22405762888955
4.201137413231841,0.0863023556934402,23.909486828152115,0.088,4.257,7341.281000000003,97.24991632171263,73.22405762888955
4.2011681491920765,0.0873657879862742,23.902869632881583,0.088,4.257,7349.608999999997,97.2637168536748,73.22405762888955
4.201158127448208,0.085505183096039,23.908362247149466,0.087,4.257,7357.906000000003,97.27717320272032,73.22405762888955
4.201178396746736,0.0850004354671831,23.907126822004848,0.087,4.257,7366.218999999997,97.29057591342692,73.22405762888955
4.201189757792821,0.0857207657010887,23.901793092567758,0.087,4.257,7374.547000000006,97.30411659329886,73.22405762888955
4.201266294306677,0.0872874248869028,23.90248043182901,0.087,4.257,7382.875,97.31790474681766,73.22405762888955
4.201232887349296,0.0837733827324426,23.901687678871625,0.087,4.257,7391.187000000005,97.33111238914447,73.22405762888955
4.201205644943773,0.0850186471650421,23.894770062174704,0.087,4.257,7399.5,97.34451797143775,73.22405762888955
4.201771351368848,0.0847044138950024,23.90039471382675,0.087,4.257,7407.812000000005,97.35787239936863,73.22405762888955
4.200323786768409,0.077368850509259,23.89487401446927,0.079,4.251,7416.125,97.37007177594099,73.22405762888955
4.200355325824867,0.0760019046027634,23.88752186628836,0.079,4.251,7424.483999999997,97.3821219276175,73.22405762888955
4.200308181867541,0.0753558764265807,23.893770392862315,0.079,4.251,7432.797000000006,97.39400390217726,73.22405762888955
4.200122967909588,0.0762045245902207,23.882057836701044,0.079,4.251,7441.125,97.4060413713229,73.22405762888955
4.200318459586089,0.0747791260530737,23.8818380206046,0.079,4.251,7449.452999999994,97.41785368072897,73.22405762888955
4.200381765127903,0.0765731676171994,23.88587869718988,0.079,4.251,7457.75,97.42990435688297,73.22405762888955
4.200344400936157,0.0762112119937336,23.88676020826897,0.079,4.251,7466.062000000005,97.44191975361726,73.22405762888955
4.200301986152653,0.0795419621739638,23.88116870110993,0.079,4.251,7474.406000000003,97.45450855286558,73.22405762888955
4.200415225986412,0.0758192162048251,23.884543515674167,0.079,4.251,7482.764999999999,97.46652973917712,73.22405762888955
4.200325086593286,0.0771157215874622,23.8748188452426,0.079,4.251,7491.077999999994,97.47868920285147,73.22405762888955
4.200434895742204,0.0749828791442901,23.8779753179694,0.077,4.251,7499.483999999997,97.49064463310701,73.22405762888955
4.200549864017593,0.0777180204372386,23.87833981894737,0.077,4.251,7507.843999999997,97.50296835020018,73.22405762888955
4.200404243629159,0.0758132259903882,23.881743014301065,0.077,4.251,7516.172000000006,97.51494400877951,73.22405762888955
4.2004025386793415,0.0776455780238995,23.877644001117,0.079,4.251,7524.514999999999,97.52723120187541,73.22405762888955
4.200494811423558,0.0758603352496592,23.881126150414467,0.077,4.251,7532.858999999997,97.5392373242449,73.22405762888955
4.200621729039353,0.075114068698889,23.870821787135768,0.077,4.251,7541.187000000005,97.5511025420811,73.22405762888955
4.199566650003978,0.0676790241961857,23.87278892489993,0.069,4.246,7549.5,97.5617740448472,73.22405762888955
4.199447473813074,0.0680607149997701,23.872053086052485,0.069,4.246,7557.968999999997,97.57270712047983,73.22405762888955
4.199473987500959,0.067178566658873,23.86389737300395,0.069,4.246,7566.422000000006,97.58347810284312,73.22405762888955
4.199411853725352,0.065608173990197,23.874841970648987,0.069,4.246,7574.875,97.5939972984747,73.22405762888955
4.199424165948566,0.0686676817419987,23.871493520090457,0.069,4.246,7583.312000000005,97.6049861965989,73.22405762888955
4.199229993818142,0.0673647025135329,23.86990884157251,0.069,4.246,7591.797000000006,97.61582791081703,73.22405762888955
4.199429618549802,0.0677639920288369,23.875754419379035,0.069,4.246,7600.218999999997,97.62665291149432,73.22405762888955
4.199654241309096,0.0685455521752679,23.875742321401106,0.069,4.246,7608.608999999997,97.63756115822385,73.22405762888955
4.199448621076976,0.067515949106034,23.87124906339356,0.069,4.246,7617.047000000006,97.64836702504256,73.22405762888955
4.199366488238597,0.0685941422081516,23.873707343524718,0.069,4.246,7625.452999999994,97.65930382144815,73.22405762888955
4.199439878297869,0.0663362578395231,23.864377874196624,0.069,4.246,7633.827999999994,97.66984161040479,73.22405762888955
4.199592538651861,0.0683683838730338,23.85581615543214,0.069,4.246,7642.264999999999,97.68078261185173,73.22405762888955
4.199389053769092,0.065450894745896,23.862515885272572,0.069,4.246,7650.639999999999,97.69117975721863,73.22405762888955
4.1996075728052,0.0668619634394582,23.855192465116183,0.069,4.246,7659.0,97.70178203346147,73.22405762888955
4.199454159028313,0.0665201803816037,23.85585241440931,0.069,4.246,7667.358999999997,97.7123288515621,73.22405762888955
4.199463319638783,0.0672956198087352,23.851582243321914,0.069,4.246,7675.702999999994,97.72297946948639,73.22405762888955
4.199445462697431,0.0674549481102803,23.850258621128123,0.069,4.246,7684.125,97.73375510175242,73.22405762888955
4.199715726081923,0.0684690794945746,23.85577923955518,0.069,4.246,7692.514999999999,97.74465117872268,73.22405762888955
4.199673527719755,0.0681884765511774,23.845194290150665,0.069,4.246,7700.858999999997,97.75544310563635,73.22405762888955
4.199621110031091,0.0690519111645412,23.85921159195839,0.069,4.246,7709.218999999997,97.7663926410613,73.22405762888955
4.199609874715225,0.0666689014069464,23.856314847187537,0.069,4.246,7717.625,97.77702247296533,73.22405762888955
4.199710524947001,0.0660588307732977,23.856185935868734,0.069,4.246,7725.983999999997,97.78749614378387,73.22405762888955
4.199468297564327,0.0674498993940114,23.846461723884595,0.069,4.246,7734.327999999994,97.79817117894247,73.22405762888955
4.199870814327785,0.0673418356826776,23.85089417147933,0.069,4.246,7742.687000000005,97.80884827102842,73.22405762888955
4.199806341722672,0.0685370013136976,23.84649523173084,0.069,4.246,7751.014999999999,97.81967455782812,73.22405762888955
4.199944743272887,0.0672379548169239,23.84507187752985,0.069,4.246,7759.343999999997,97.83029691913875,73.22405762888955
4.199777106163409,0.0668755541371912,23.84744702137742,0.069,4.246,7767.672000000006,97.84086075932873,73.22405762888955
4.1999288987706445,0.0667068907773347,23.841026852090828,0.068,4.246,7776.0,97.85139795700633,73.22405762888955
4.199753501398183,0.0665217082710128,23.83587620132445,0.069,4.246,7784.327999999994,97.86190590276327,73.22405762888955
4.20003678860491,0.0682990012587965,23.84455094770539,0.068,4.246,7792.672000000006,97.87271532199571,73.22405762888955
4.200148669184099,0.067261156194388,23.849373102357568,0.069,4.246,7801.0,97.88334007291101,73.22405762888955
4.200054916380814,0.064392876152788,23.848679016308328,0.068,4.246,7809.312000000005,97.89349220057828,73.22405762888955
4.200040389324513,0.0647840727950568,23.839260520477545,0.068,4.246,7817.639999999999,97.90372566481932,73.22405762888955
4.200177486573208,0.0655348955624631,23.83677367967639,0.068,4.246,7825.968999999997,97.9140789740628,73.22405762888955
4.200132928434986,0.067750460371031,23.831245742775977,0.068,4.246,7834.312000000005,97.92480029277924,73.22405762888955
4.200028114004773,0.0658081265511555,23.831088763047152,0.068,4.246,7842.625,97.93517679588139,73.22405762888955
4.20005371372781,0.0668581180877534,23.82767300797224,0.068,4.246,7850.952999999994,97.94573788182667,73.22405762888955
4.200187043737487,0.0640455638096332,23.840362525662307,0.068,4.246,7859.297000000006,97.9558741259362,73.22405762888955
4.200206451583429,0.0684483446207089,23.83255482348972,0.068,4.246,7867.625,97.96668640828915,73.22405762888955
4.200056286589557,0.0638528928304111,23.83316448553917,0.068,4.246,7875.937000000005,97.97675340263183,73.22405762888955
4.200216453208003,0.0677149043172174,23.82970020930892,0.068,4.246,7884.264999999999,97.98744982880604,73.22405762888955
4.200485144130732,0.0659040758687122,23.833902886214855,0.068,4.246,7892.593999999997,97.99786146175391,73.22405762888955
4.200212690946076,0.062145951556523,23.828398348124946,0.068,4.246,7900.922000000006,98.00767820135582,73.22405762888955
4.200467148755749,0.0671004683090345,23.834504088025145,0.068,4.246,7909.25,98.01827756958588,73.22405762888955
4.200527945949108,0.066646355907388,23.83203318458327,0.068,4.246,7917.577999999994,98.02880520501459,73.22405762888955
4.200287915627973,0.0648182003203785,23.835634988614498,0.068,4.246,7925.906000000003,98.03904406013021,73.22405762888955
4.200635799450794,0.0662465625392251,23.835631677705,0.068,4.246,7934.233999999997,98.04950854313643,73.22405762888955
4.200470654826717,0.0661085649202393,23.828259755152917,0.068,4.246,7942.562000000005,98.05995122767214,73.22405762888955
4.200650795525953,0.0670581443325558,23.82471417744736,0.068,4.246,7950.875,98.07052483125514,73.22405762888955
4.2008387856360825,0.0673440056258137,23.82481989463774,0.068,4.246,7959.202999999994,98.08116266928671,73.22405762888955
4.200817442986173,0.063588534269856,23.813244930847347,0.068,4.246,7967.531000000003,98.0912072830863,73.22405762888955
4.200732045201955,0.0664413489345342,23.816210678047405,0.066,4.246,7975.858999999997,98.10170253506898,73.22405762888955
4.200723371918844,0.0647541584286865,23.817302713817654,0.066,4.246,7984.187000000005,98.11193127395727,73.22405762888955
4.200693887201222,0.064293223068009,23.81744706742584,0.068,4.246,7992.514999999999,98.12208720227144,73.22405762888955
4.200539318765866,0.0650884821336753,23.816758657409657,0.066,4.246,8000.843999999997,98.13236998639637,73.22405762888955
4.200965559776591,0.0661802982346569,23.814887233658908,0.066,4.246,8009.172000000006,98.14282400211702,73.22405762888955
4.200723560176695,0.0663445218832232,23.809504217124204,0.066,4.246,8017.5,98.15330395904144,73.22405762888955
4.200828522055809,0.0648402636441642,23.8122401240808,0.066,4.246,8025.827999999994,98.1635462993383,73.22405762888955
4.200940516667851,0.0646188425086942,23.80979614695755,0.066,4.246,8034.156000000003,98.17375366336437,73.22405762888955
4.201213900527499,0.0640320585425346,23.808702298179355,0.066,4.246,8042.5,98.18388777004739,73.22405762888955
4.201183010888941,0.0652673991218421,23.821348768855188,0.066,4.246,8050.827999999994,98.19419758179899,73.22405762888955
4.201070871771774,0.0656074843723819,23.81842286059312,0.066,4.246,8059.156000000003,98.20456111432023,73.22405762888955
4.201079131702921,0.0647757455693144,23.82034649867217,0.066,4.246,8067.483999999997,98.21479326317056,73.22405762888955
4.201103639062123,0.0622062549525308,23.81013974093605,0.066,4.246,8075.812000000005,98.2246195284571,73.22405762888955
4.201051124600565,0.0662289160152139,23.80875717722156,0.066,4.246,8084.156000000003,98.23510132329046,73.22405762888955
4.20127649622601,0.064755580896273,23.80960146941539,0.066,4.246,8092.483999999997,98.24533028687547,73.22405762888955
4.200895677982907,0.0632151589122605,23.810908852677308,0.066,4.246,8100.812000000005,98.2553159213117,73.22405762888955
4.20130796732453,0.0639824461130866,23.818638426352155,0.066,4.246,8109.125,98.26540455451507,73.22405762888955
4.201190261128648,0.0645682663802703,23.81409715896034,0.066,4.246,8117.483999999997,98.27564189537433,73.22405762888955
4.201379922010836,0.063833016883095,23.802254289585047,0.066,4.246,8125.812000000005,98.285725128297,73.22405762888955
4.201295916499201,0.0636983000613107,23.81329714486482,0.066,4.246,8134.139999999999,98.2957870809926,73.22405762888955
4.201405802864293,0.0660398207720665,23.810394776795462,0.066,4.246,8142.483999999997,98.30623894845189,73.22405762888955
4.201375481788949,0.0643456868194218,23.81185229849707,0.065,4.246,8150.812000000005,98.31640316407966,73.22405762888955
4.20133702491168,0.0642777081187596,23.801505167291616,0.065,4.246,8159.139999999999,98.32655664161125,73.22405762888955
4.201417927647508,0.0641270690809034,23.79837068024682,0.065,4.246,8167.483999999997,98.33670578524536,73.22405762888955
4.20134663702187,0.0654947771871597,23.79913820789114,0.065,4.246,8175.812000000005,98.3470515142402,73.22405762888955
4.201494831984284,0.0628222458451055,23.798070006268908,0.065,4.246,8184.139999999999,98.35697508308455,73.22405762888955
4.201661790319899,0.0642403696419398,23.79546119871144,0.065,4.246,8192.468999999997,98.36712388102052,73.22405762888955
4.200334948948668,0.0553374541899221,23.798017106360334,0.057,4.241,8200.812000000005,98.3758808766199,73.22405762888955
4.200396305719492,0.0553948963239851,23.79164820676847,0.057,4.241,8209.14,98.38463120160273,73.22405762888955
4.200526854035641,0.0564898778329569,23.80167888326096,0.057,4.241,8217.515,98.39360485236594,73.22405762888955
4.20033274190824,0.0540489217915215,23.797388451402703,0.057,4.241,8225.827999999994,98.40212718591394,73.22405762888955
4.200408716964267,0.0524648521865075,23.79791899228112,0.057,4.241,8234.14,98.41039875117495,73.22405762888955
4.200415144227836,0.054675817991153,23.793331913423216,0.057,4.241,8242.468999999997,98.41903652570629,73.22405762888955
4.200330444343935,0.0556840602455808,23.801916838384845,0.057,4.241,8250.797000000006,98.42783252779034,73.22405762888955
4.200424030928572,0.0543918786711228,23.795059345423123,0.057,4.241,8259.108999999997,98.43640790645523,73.22405762888955
4.2004201883958086,0.054775624874333,23.79155458564381,0.057,4.241,8267.437000000005,98.44506040967475,73.22405762888955
4.200333521820635,0.0548064743051235,23.80234495964205,0.057,4.241,8275.781000000003,98.45373441875975,73.22405762888955
4.200567646057651,0.053413446684194,23.791380399970254,0.057,4.241,8284.108999999997,98.46217174869365,73.22405762888955
4.200317008446561,0.0538182227369633,23.790876329248924,0.057,4.241,8292.422000000006,98.47065770604344,73.22405762888955
4.200584181411822,0.0561140806172539,23.7881580198245,0.057,4.241,8300.75,98.47952163528778,73.22405762888955
4.200420238059638,0.0544233556479479,23.785657610169427,0.057,4.241,8309.108999999997,98.48815049391612,73.22405762888955
4.2006571834433855,0.0516820391303388,23.78657958772752,0.057,4.241,8317.437000000005,98.49631432611326,73.22405762888955
4.200494167281113,0.0557747091424733,23.795631143949063,0.057,4.241,8325.75,98.50510877860368,73.22405762888955
4.200508404259548,0.0549376331007701,23.786224424281865,0.057,4.241,8334.077999999994,98.51378687307303,73.22405762888955
4.200682895947635,0.0529337398212628,23.79403877740997,0.057,4.241,8342.406000000003,98.52214842723649,73.22405762888955
4.200650924368002,0.0549981266779974,23.77917274593743,0.057,4.241,8350.733999999997,98.530836077432,73.22405762888955
4.2008256219321005,0.0538474595172676,23.77629646504032,0.057,4.241,8359.047000000006,98.53932664478299,73.22405762888955
4.200756757911594,0.0536187153860659,23.787322742115663,0.057,4.241,8367.358999999997,98.54778012716295,73.22405762888955
4.200724121444212,0.054595484174693,23.791420991948325,0.057,4.241,8375.687000000005,98.55640417487899,73.22405762888955
4.200528932237387,0.0521757988503595,23.78189612051228,0.057,4.241,8384.015,98.56464600267319,73.22405762888955
4.200781367340732,0.0548688952780428,23.77460157774907,0.057,4.241,8392.327999999994,98.57329762811675,73.22405762888955
4.200797589602192,0.0534672778835995,23.775431832180708,0.057,4.241,8400.656000000003,98.58174346136992,73.22405762888955
4.200667019507525,0.054769196860087,23.779509540927315,0.057,4.241,8408.983999999997,98.59039494920323,73.22405762888955
4.200840703705265,0.0541405623622314,23.767090856510297,0.057,4.241,8417.297000000006,98.59893173246613,73.22405762888955
4.200889217313892,0.0532438007630721,23.781941226519063,0.055,4.241,8425.625,98.60734226467964,73.22405762888955
4.2009106231104925,0.0540777261300076,23.771536253602378,0.057,4.241,8433.937000000005,98.61586811431438,73.22405762888955
4.200936769203161,0.0549929011106021,23.786094622141302,0.057,4.241,8442.265,98.62455493906539,73.22405762888955
4.200980462407532,0.0534921581254581,23.78323939309876,0.055,4.241,8450.593999999997,98.63300571708862,73.22405762888955
4.201003189163356,0.0537785147327385,23.783647600413182,0.055,4.241,8458.922000000006,98.6415007141413,73.22405762888955
4.200836398185727,0.0536814131780633,23.77506886978413,0.055,4.241,8467.233999999997,98.64996408140337,73.22405762888955
4.200968329055419,0.0549124589865965,23.765260656201136,0.055,4.241,8475.562000000005,98.65863819930276,73.22405762888955
4.201033365573162,0.053806684810944,23.779065394080284,0.055,4.241,8483.89,98.66713764617582,73.22405762888955
4.201051403236284,0.0549560598821417,23.76939947295988,0.055,4.241,8492.202999999994,98.67580301557219,73.22405762888955
4.200990072623942,0.0529393835801071,23.77756585338136,0.055,4.241,8500.531000000003,98.68416546123879,73.22405762888955
4.201215584157387,0.0524353878398251,23.768946190602865,0.055,4.241,8508.843999999997,98.69243337575175,73.22405762888955
4.200963299933672,0.0530702501712437,23.77717011849662,0.055,4.241,8517.172000000006,98.70081649345275,73.22405762888955
4.2012099106722784,0.0535780808170748,23.7710533761328,0.055,4.241,8525.5,98.70927982943162,73.22405762888955
4.2011459427550655,0.0546381898945552,23.76624909846035,0.055,4.241,8533.812000000005,98.71789404132056,73.22405762888955
4.2011860773047065,0.0546634046201644,23.767965212412268,0.055,4.241,8542.14,98.7265288179306,73.22405762888955
4.200966866777963,0.0537074526470725,23.764879002745477,0.055,4.241,8550.483999999997,98.73502888910102,73.22405762888955
4.201136945635932,0.0528020577103306,23.767090714789603,0.055,4.241,8558.797000000006,98.74335461943777,73.22405762888955
4.201324142935334,0.0530821393559474,23.766988312417222,0.055,4.241,8567.125,98.75173961518597,73.22405762888955
4.201225683600943,0.0534306443756239,23.77863643588219,0.055,4.241,8575.547000000006,98.76027492640713,73.22405762888955
4.201445288898318,0.0530955222852716,23.76404925606283,0.055,4.241,8583.89,98.76867714262407,73.22405762888955
4.2013970788335735,0.0503213862693449,23.76500289802655,0.055,4.241,8592.218999999997,98.77662699695946,73.22405762888955
4.2015024531991,0.0510873044506186,23.75331201234725,0.055,4.241,8600.547000000006,98.78469688328664,73.22405762888955
4.201314573718206,0.053109476776689,23.76140956444515,0.055,4.235,8608.875,98.79308619732645,73.22405762888955
4.2014880272447535,0.0504262762892651,23.761344883241406,0.055,4.235,8617.218999999997,98.80106696938304,73.22405762888955
4.201474635049342,0.0510018091035414,23.762801201627997,0.055,4.241,8625.547000000006,98.80912335063806,73.22405762888955
4.201698558356989,0.0532487834344476,23.75526121043516,0.055,4.241,8633.875,98.81753466992758,73.22405762888955
4.2002686315346525,0.0447710680719258,23.75025634986809,0.046,4.23,8642.202999999994,98.82460682677696,73.22405762888955
4.2001615179533935,0.0415409759067804,23.75954650040112,0.046,4.235,8650.515,98.83115614272656,73.22405762888955
4.200176852972676,0.0442651971993274,23.7647782877394,0.046,4.235,8658.843999999997,98.83814923047615,73.22405762888955
4.200132075933412,0.0434317185939757,23.76132802344629,0.046,4.235,8667.172000000006,98.84500982012392,73.22405762888955
4.200196507556517,0.0423698745769886,23.757933418517776,0.046,4.235,8675.5,98.85170267806991,73.22405762888955
4.200221685156944,0.0435147248392787,23.757259780635025,0.046,4.235,8683.812000000005,98.85856317364596,73.22405762888955
4.200102876952216,0.0431243560234338,23.761615099116003,0.046,4.235,8692.14,98.86537521148557,73.22405762888955
4.20021027092702,0.0457346436304812,23.75652578996762,0.046,4.235,8700.468999999997,98.87260044476905,73.22405762888955
4.200224888214534,0.0437548051575344,23.766905413298964,0.046,4.235,8708.797000000006,98.8795120700287,73.22405762888955
4.200200195282208,0.0449289484101623,23.754662324013125,0.046,4.235,8717.108999999997,98.8865955309248,73.22405762888955
4.200212687491106,0.0461431179532544,23.76341084801092,0.046,4.235,8725.468999999997,98.89391242767864,73.22405762888955
4.2002100548875125,0.0449684066453891,23.75952226247951,0.046,4.235,8733.797000000006,98.90101575665332,73.22405762888955
4.200358448072084,0.0438696779409761,23.761918033707012,0.046,4.235,8742.093999999997,98.90791973226641,73.22405762888955
4.2001007358819535,0.0451348475018224,23.75908119763089,0.046,4.235,8750.422000000006,98.91504935268091,73.22405762888955
4.200230423165731,0.0414344013925516,23.746481657551712,0.046,4.235,8758.75,98.92159444079758,73.22405762888955
4.200456608258254,0.0398470241788577,23.754679044356934,0.046,4.235,8767.077999999994,98.9278887825926,73.22405762888955
4.200265808537898,0.0420800302161874,23.75603044627365,0.046,4.235,8775.422000000006,98.93454862650741,73.22405762888955
4.200403319744799,0.0439410960458397,23.755480909189004,0.046,4.235,8783.718999999997,98.9414638415204,73.22405762888955
4.199087599972153,0.0352186309710526,23.75266256200672,0.037,4.23,8792.047000000006,98.94702707002877,73.22405762888955
4.199087689047286,0.0363181159930867,23.75481672859553,0.037,4.23,8800.375,98.95276397611205,73.22405762888955
4.198972760871901,0.0343926306511435,23.763592435361588,0.037,4.23,8808.687000000005,98.95818628985302,73.22405762888955
4.1989497825092,0.0364785390858949,23.752145138147878,0.037,4.23,8817.0,98.96393815810735,73.22405762888955
4.19880100385959,0.0362203607552704,23.752349160808503,0.037,4.23,8825.327999999994,98.96965962251357,73.22405762888955
4.198890177343864,0.0346424833822606,23.75073509422586,0.037,4.23,8833.64,98.97512132782975,73.22405762888955
4.198995032900609,0.0361741514455109,23.74640277572152,0.037,4.23,8841.952999999994,98.9808252008066,73.22405762888955
4.198930106329465,0.0366043098254239,23.7446807059282,0.037,4.23,8850.297000000006,98.98661842359647,73.22405762888955
4.199020872592902,0.0366430616539298,23.74946031227884,0.037,4.23,8858.608999999997,98.99239553843051,73.22405762888955
4.199009983366257,0.0389609654038902,23.74682610050888,0.037,4.23,8866.937000000005,98.9985499160276,73.22405762888955
4.198805352991894,0.037419311007572,23.740430372792147,0.039,4.23,8875.25,99.0044501234503,73.22405762888955
4.19892996208152,0.0378557826681669,23.74391180927595,0.037,4.23,8883.577999999994,99.01042992344645,73.22405762888955
4.199049701334786,0.0348396525777618,23.74753648733361,0.037,4.23,8891.89,99.01592271429514,73.22405762888955
4.198993896363296,0.0345843640333493,23.74262691424445,0.037,4.23,8900.202999999994,99.02137591254719,73.22405762888955
4.198874627343877,0.0363539555715873,23.74472280283914,0.037,4.23,8908.531000000003,99.02711847994549,73.22405762888955
4.199157466437916,0.0352942884492636,23.750488112816477,0.037,4.23,8916.843999999997,99.03268361776017,73.22405762888955
4.199007861468337,0.0357724628947471,23.74662270656216,0.037,4.224,8925.172000000006,99.03833433103047,73.22405762888955
4.198824951980043,0.0340793934189852,23.755355298478413,0.037,4.23,8933.5,99.04371760254865,73.22405762888955
4.19906438502323,0.0385091707685805,23.75194792097957,0.037,4.23,8941.937000000005,99.04988023020242,73.22405762888955
4.198902279035463,0.0357646967382143,23.74931270102507,0.037,4.23,8950.375,99.05560433768933,73.22405762888955
4.198931100038068,0.0350735337148171,23.751314685439915,0.037,4.23,8958.812000000005,99.06121715989433,73.22405762888955
4.1989132878553095,0.0357919843860325,23.740816188182905,0.037,4.23,8967.281000000003,99.06696668033848,73.22405762888955
4.199062902357537,0.0358993824929858,23.74245821456845,0.037,4.23,8975.733999999997,99.07272255806727,73.22405762888955
4.199047937979149,0.0372556793642272,23.726320344665897,0.037,4.23,8984.202999999994,99.07870720222265,73.22405762888955
4.198888482234176,0.0353286320665255,23.72971352649437,0.037,4.23,8992.608999999997,99.08434007470653,73.22405762888955
4.199085077092972,0.037213260658209,23.73717000236909,0.037,4.224,9001.015,99.09027343639465,73.22405762888955
4.1989773250404365,0.0353827223855823,23.73498852293836,0.037,4.23,9009.483999999997,99.09595721417939,73.22405762888955
4.198990729427077,0.0358143688435222,23.737673701928877,0.037,4.23,9017.858999999997,99.10164647481574,73.22405762888955
4.199000148191388,0.0363536498729434,23.72559206266405,0.037,4.23,9026.25,99.10743243517194,73.22405762888955
4.198946359688957,0.034937041380845,23.73851048952219,0.037,4.23,9034.672000000006,99.113013474383,73.22405762888955
4.19912364503422,0.0372229557061818,23.728093978166022,0.037,4.23,9043.062000000004,99.11893708535351,73.22405762888955
4.197951959543135,0.027984926830437,23.73616216988894,0.029,4.224,9051.437000000004,99.12338260673971,73.22405762888955
4.1978479156466255,0.0269799432753132,23.719934786695664,0.029,4.224,9059.797000000006,99.12766080613599,73.22405762888955
4.197732177706511,0.0283208821000515,23.723867635342973,0.029,4.224,9068.14,99.13214250562056,73.22405762888955
4.197840086556504,0.0277652294187199,23.727987772419837,0.029,4.224,9076.483999999997,99.1365368012814,73.22405762888955
4.197676903633821,0.0264667754600926,23.729316278800543,0.029,4.224,9084.89,99.14075672043778,73.22405762888955
4.1976482918490365,0.0257879903599622,23.732143187082293,0.03,4.224,9093.265,99.14485324937806,73.22405762888955
4.197435241177407,0.0269114508099848,23.730987108260223,0.029,4.224,9101.593999999996,99.1491047640869,73.22405762888955
4.197544411623952,0.0268009121707149,23.72360283791208,0.029,4.224,9109.952999999994,99.15335406623814,73.22405762888955
4.197660900090644,0.0264737754339573,23.726733839914505,0.03,4.224,9118.297000000006,99.15754396846302,73.22405762888955
4.197638926315886,0.027114349171343,23.71827494933208,0.029,4.224,9126.64,99.16183473752437,73.22405762888955
4.197585569997934,0.0261244272937628,23.72180572634193,0.029,4.224,9134.968999999996,99.16596191697985,73.22405762888955
4.197483201299192,0.027810572257972,23.7222553694123,0.03,4.224,9143.297000000006,99.17035494885398,73.22405762888955
4.197375431085384,0.028735142911857,23.72199310689036,0.029,4.224,9151.64,99.17490220394025,73.22405762888955
4.197696250724293,0.0268657696418772,23.724251552318247,0.03,4.224,9159.968999999996,99.17914650186397,73.22405762888955
4.197406081833233,0.0287372179610143,23.72180804987741,0.03,4.224,9168.297000000006,99.18368590915505,73.22405762888955
4.197602947529693,0.0271369682728976,23.738629781323358,0.03,4.224,9176.64,99.18798025762527,73.22405762888955
4.197707281274197,0.0261832737008996,23.73081964422914,0.029,4.224,9184.952999999994,99.19210878756557,73.22405762888955
4.197809952748346,0.0294047433519238,23.72253144355426,0.029,4.224,9193.281000000004,99.1967536389407,73.22405762888955
4.197714673170577,0.0288822437392449,23.71975284747565,0.029,4.224,9201.625,99.20132472014535,73.22405762888955
4.197520584053909,0.0269391828364231,23.71655013815231,0.03,4.224,9209.952999999994,99.20558010503157,73.22405762888955
4.197568160011849,0.0274621092613688,23.71780664312765,0.03,4.224,9218.281000000004,99.20991809276507,73.22405762888955
4.197358177684023,0.0290378404343294,23.717574066945552,0.029,4.224,9226.608999999997,99.21450498718062,73.22405762888955
4.197667899382809,0.0280818946033247,23.71317039229896,0.029,4.224,9234.937000000004,99.21894087785321,73.22405762888955
4.197570225574073,0.0275288063768341,23.707866572201823,0.029,4.224,9243.25,99.22328156888544,73.22405762888955
4.197574155847165,0.0275151181760572,23.71821513280504,0.029,4.224,9251.577999999994,99.22762793004789,73.22405762888955
4.197654399246927,0.0268360141988105,23.720395911273457,0.03,4.224,9259.906000000004,99.23186701814204,73.22405762888955
4.197518230072872,0.0287251337305397,23.72349712899413,0.029,4.224,9268.233999999997,99.23640451657596,73.22405762888955
4.197638873663535,0.0270980601218614,23.710691789600368,0.03,4.224,9276.562000000004,99.24068499814027,73.22405762888955
4.197696798002653,0.0283990719621829,23.71267919715273,0.029,4.224,9284.89,99.24517099099106,73.22405762888955
4.197753156750696,0.0294812400620895,23.71532749693289,0.03,4.224,9293.218999999996,99.24982848517982,73.22405762888955
4.197610297681544,0.0272449480551641,23.7189967816097,0.03,4.224,9301.547000000006,99.25413216955226,73.22405762888955
4.197638745042202,0.0288905276706366,23.73078722850197,0.029,4.224,9309.89,99.25870401383709,73.22405762888955
4.197524475986894,0.0272643087017433,23.71255996131141,0.03,4.224,9318.218999999996,99.2630112736088,73.22405762888955
4.197634321586265,0.0272057568372297,23.71696457228969,0.029,4.224,9326.562000000004,99.26731650767476,73.22405762888955
4.197492945213662,0.0275649303455582,23.716145218121845,0.03,4.224,9334.89,99.27167073729986,73.22405762888955
4.197807898564083,0.0267805407318739,23.716903536043866,0.029,4.224,9343.218999999996,99.27590157062193,73.22405762888955
4.197436100330327,0.0275646910386447,23.71442224046558,0.029,4.224,9351.562000000004,99.28026360500999,73.22405762888955
4.197663437368034,0.0268782176928683,23.71636957167309,0.03,4.224,9359.89,99.28450935968016,73.22405762888955
4.197669451292597,0.0273463274758052,23.71411116465105,0.03,4.224,9368.218999999996,99.28882957691101,73.22405762888955
4.197793798251017,0.0280737534594902,23.7091894379506,0.03,4.224,9376.547000000006,99.29326418158688,73.22405762888955
4.197572970028313,0.0275753023557881,23.70613843183008,0.029,4.224,9384.875,99.29762004960226,73.22405762888955
4.197586151403658,0.0273918000122329,23.71522041823195,0.029,4.224,9393.202999999994,99.30194693109996,73.22405762888955
4.197531683111101,0.030067251979477,23.708898888263164,0.03,4.224,9401.531000000004,99.3066964340979,73.22405762888955
4.197650966492189,0.0253167008345649,23.718511391233843,0.029,4.224,9409.858999999997,99.3106955274169,73.22405762888955
4.197636684288854,0.02455487624412,23.702627303425707,0.029,4.224,9418.172000000006,99.3145672946723,73.22405762888955
4.197451080489159,0.0285261887357413,23.70430834490881,0.029,4.224,9426.531000000004,99.31909014055117,73.22405762888955
4.197634960795424,0.0270945794354957,23.703397246628803,0.029,4.224,9434.843999999996,99.32336236348621,73.22405762888955
4.19764208526234,0.029831437365335,23.70378445486737,0.029,4.224,9443.172000000006,99.32807461658125,73.22405762888955
4.1977432401554085,0.0265559335192635,23.71154499239026,0.029,4.224,9451.5,99.3322694623872,73.22405762888955
4.197594841902195,0.0251508849124832,23.70849836204716,0.03,4.224,9459.827999999994,99.33624236298265,73.22405762888955
4.197890677103579,0.0255922902133762,23.708413688626685,0.029,4.224,9468.14,99.34027722231907,73.22405762888955
4.197581429103375,0.0303771683345719,23.706230589892108,0.029,4.224,9476.468999999996,99.3450762567115,73.22405762888955
4.197864228180411,0.0290931014207527,23.702756179067297,0.029,4.224,9484.797000000006,99.3496718802993,73.22405762888955
4.197757936057826,0.0267489816624606,23.703743695539227,0.029,4.224,9493.108999999997,99.35388910265416,73.22405762888955
4.197768797783248,0.0285705488412001,23.701334033027333,0.029,4.224,9501.437000000004,99.35840218244832,73.22405762888955
4.197774479564894,0.02661282661904,23.70258745849657,0.029,4.224,9509.765,99.36260601523944,73.22405762888955
4.197711414498524,0.0281941308466922,23.697876932554745,0.029,4.224,9518.077999999994,99.36705161339768,73.22405762888955
4.19759366178997,0.0277556196369849,23.691106025241048,0.029,4.224,9526.422000000006,99.37144438815548,73.22405762888955
4.197575976958887,0.029333163826792,23.698048454895066,0.029,4.224,9534.733999999997,99.37606903053592,73.22405762888955
4.197770073621403,0.0271545929003036,23.69574337960838,0.029,4.224,9543.062000000004,99.38035844216807,73.22405762888955
4.197677913806242,0.0295860803309767,23.693010121351065,0.029,4.224,9551.406000000004,99.38504091687264,73.22405762888955
4.19782143389273,0.0274097012748197,23.698035562740543,0.029,4.224,9559.733999999997,99.38937062610134,73.22405762888955
4.1976866613845365,0.0280254318240049,23.6958158400258,0.029,4.224,9568.077999999994,99.39380610299226,73.22405762888955
4.197702701560594,0.0272937769451143,23.700122123252957,0.029,4.224,9576.452999999994,99.39814183236024,73.22405762888955
4.197766428901053,0.0267618044032652,23.690405097778108,0.029,4.224,9584.781000000004,99.40236919807795,73.22405762888955
4.1977203975751785,0.0266196218229716,23.69471243798325,0.029,4.224,9593.108999999997,99.40657410425754,73.22405762888955
4.198004113258442,0.0262791867041677,23.696799625784067,0.029,4.224,9601.422000000006,99.41071775758196,73.22405762888955
4.197779550711102,0.0266180423918885,23.695515255661995,0.029,4.224,9609.75,99.41492241427044,73.22405762888955
4.197919055399146,0.0283334662251245,23.70026667997715,0.029,4.224,9618.077999999994,99.41939804386472,73.22405762888955
4.197971483367005,0.0259543654723629,23.689698756624114,0.029,4.224,9626.422000000006,99.42350574108038,73.22405762888955
4.197746064228294,0.0260416440710786,23.697248175388907,0.029,4.224,9634.75,99.42761934835886,73.22405762888955
4.197823139318915,0.0268842154140312,23.69776938458438,0.029,4.224,9643.077999999994,99.431866050445,73.22405762888955
4.197895774099473,0.0284198144030429,23.6927359968401,0.029,4.224,9651.422000000006,99.43636394474402,73.22405762888955
4.197980639404083,0.0265900419044612,23.69989077890491,0.029,4.224,9659.733999999997,99.44055610878792,73.22405762888955
4.197856262448552,0.0272954652051275,23.69559143389093,0.029,4.224,9668.062000000004,99.44486777298359,73.22405762888955
4.1980118902345644,0.0278658506951559,23.68911054177572,0.029,4.224,9676.406000000004,99.44927799358535,73.22405762888955
4.19798851697148,0.0243572853778362,23.688522576637897,0.029,4.224,9684.733999999997,99.45312553509007,73.22405762888955
4.197988649738153,0.0276003642559106,23.685382995704877,0.029,4.224,9693.062000000004,99.45748536194976,73.22405762888955
4.198077222636203,0.0281148741660333,23.68876989999466,0.029,4.224,9701.483999999997,99.4619765898538,73.22405762888955
4.1980339178525305,0.0278703564930423,23.69291545108993,0.029,4.224,9709.843999999996,99.46639598173711,73.22405762888955
4.197945849033941,0.0261386536625486,23.687543067275517,0.029,4.224,9718.187000000004,99.47053234974406,73.22405762888955
4.197989477631021,0.0273611539440478,23.69066750684244,0.029,4.224,9726.531000000004,99.47486269393964,73.22405762888955
4.197914511077481,0.0271274645542219,23.69073227549494,0.029,4.224,9734.858999999997,99.47914782030618,73.22405762888955
4.198022215502452,0.0265733395397893,23.68973680893877,0.029,4.224,9743.187000000004,99.48334541561337,73.22405762888955
4.197886329106758,0.0280014593340955,23.68815605249368,0.029,4.224,9751.515,99.48776860051714,73.22405762888955
4.197798867930106,0.0264746267895616,23.66993382589816,0.029,4.224,9759.843999999996,99.49195110505775,73.22405762888955
4.197935290724221,0.0279820424925951,23.6842399182365,0.029,4.224,9768.187000000004,99.49637918413289,73.22405762888955
4.198019758782484,0.0267491145043255,23.68080433545003,0.029,4.224,9776.515,99.50060454532043,73.22405762888955
4.198016708869312,0.0277268082605722,23.683921381141356,0.029,4.224,9784.843999999996,99.50498487152363,73.22405762888955
4.198299553852913,0.0279948847513007,23.68935064828757,0.029,4.224,9793.156000000004,99.50939852193042,73.22405762888955
4.198078850822564,0.0255655662726719,23.69434943618075,0.029,4.224,9801.483999999997,99.51343692669514,73.22405762888955
4.197995312476508,0.0274241589758362,23.691376821121644,0.029,4.224,9809.812000000004,99.5177689197007,73.22405762888955
4.198167364708704,0.0250563985514254,23.68930287544642,0.029,4.224,9818.14,99.52172689497954,73.22405762888955
4.198034073743314,0.0267241089757,23.698117426987803,0.029,4.224,9826.468999999996,99.52594881312112,73.22405762888955
4.198229455870487,0.027149173697328,23.69063413155273,0.029,4.224,9834.797000000006,99.53023736872157,73.22405762888955
4.19810609719616,0.0242837881567475,23.692123295906512,0.029,4.224,9843.125,99.53407330040997,73.22405762888955
4.198263305673125,0.0279131103865525,23.68337921662837,0.029,4.224,9851.531000000004,99.53852382629336,73.22405762888955
4.198018794423451,0.0273307540836487,23.681719387053032,0.029,4.224,9859.89,99.54285713522636,73.22405762888955
4.1982542113498935,0.0277979315049742,23.68727246304495,0.029,4.224,9868.218999999996,99.54724869759522,73.22405762888955
4.197995087875011,0.0274906214022469,23.68034084435549,0.029,4.224,9876.577999999994,99.55160735359615,73.22405762888955
4.1981255105020185,0.0280291135119515,23.6850275874885,0.029,4.224,9884.906000000004,99.55603490682734,73.22405762888955
4.198138309846948,0.0272845400202653,23.67357551338089,0.029,4.224,9893.25,99.56035312563299,73.22405762888955
4.19823442757964,0.0282715356351451,23.68401863066948,0.029,4.224,9901.593999999996,99.56482755242388,73.22405762888955
4.198236030707862,0.0262085038750506,23.684048766515755,0.029,4.224,9909.922000000006,99.56896751732029,73.22405762888955
4.198008178333832,0.0263011659510011,23.68147935007227,0.029,4.224,9918.327999999994,99.57316103134313,73.22405762888955
4.198275405211962,0.0263374053781423,23.682872615354736,0.029,4.224,9926.687000000004,99.5773368441893,73.22405762888955
4.198205275157001,0.0257676201760128,23.675279691438448,0.029,4.224,9935.031000000004,99.58141498594792,73.22405762888955
4.198320397565446,0.0232446126257806,23.69023547577748,0.029,4.224,9943.375,99.58509382104268,73.22405762888955
4.198330994483092,0.0271760634349426,23.683430089887253,0.029,4.224,9951.733999999997,99.58940260367217,73.22405762888955
4.198251539736125,0.0267343320403372,23.685280818789565,0.029,4.224,9960.077999999994,99.59363374318514,73.22405762888955
4.198234336958478,0.025566049258855,23.678206078439032,0.029,4.224,9968.422000000006,99.59767998309296,73.22405762888955
4.198335322398213,0.0259112568753363,23.67798733217292,0.029,4.224,9976.75,99.60177299406361,73.22405762888955
4.198276489971515,0.0250478187027705,23.677641629101416,0.029,4.224,9985.156000000004,99.60576667172673,73.22405762888955
4.198263943668866,0.0271150117419851,23.674920649303544,0.028,4.224,9993.531000000004,99.61007400350273,73.22405762888955
4.198157411041383,0.0263900685621156,23.680407271735863,0.028,4.224,10001.875,99.61425065776417,73.22405762888955
4.198209327080816,0.0253858584908952,23.688475995184135,0.028,4.224,10010.218999999996,99.61826837957483,73.22405762888955
4.198223349849357,0.0260930646394958,23.681097662185604,0.028,4.224,10018.562000000004,99.62239753324783,73.22405762888955
4.1982344613162645,0.0252005443710863,23.688720503252995,0.029,4.224,10026.89,99.62637827818328,73.22405762888955
4.19837460101688,0.0272131813155905,23.680441332047693,0.028,4.224,10035.218999999996,99.63067746076747,73.22405762888955
4.198435498631926,0.0246592193253425,23.670264889544278,0.028,4.224,10043.547000000006,99.63457269656062,73.22405762888955
4.198457154517237,0.0264950606088851,23.67534286005967,0.028,4.224,10051.89,99.63876546495871,73.22405762888955
4.198460620266661,0.0253228587571764,23.676197706807294,0.028,4.224,10060.218999999996,99.64276601131485,73.22405762888955
4.198376869188803,0.0244804038535893,23.676481227128075,0.028,4.224,10068.562000000004,99.64663996598001,73.22405762888955
4.1985343333672525,0.0246658672563062,23.678259017116112,0.028,4.224,10076.875,99.65052923409195,73.22405762888955
4.198431227785577,0.0258032748577001,23.684077920272653,0.028,4.224,10085.202999999994,99.65460518793624,73.22405762888955
4.198491221180493,0.0265984777255914,23.676789341961964,0.028,4.224,10093.547000000006,99.65881482631134,73.22405762888955
4.198331863648874,0.0277931300502707,23.68030231864572,0.028,4.224,10101.968999999996,99.66325465700329,73.22405762888955
4.198406372797806,0.0268562913355935,23.68396342268331,0.028,4.224,10110.437000000004,99.66756826426105,73.22405762888955
4.198573829675257,0.0246988221458267,23.67740913319998,0.028,4.224,10118.952999999994,99.67155782983791,73.22405762888955
4.198662305348755,0.0254508789457013,23.677783949415574,0.028,4.224,10127.406000000004,99.67563846123403,73.22405762888955
4.198661816105624,0.0249499343315845,23.68012227999652,0.028,4.224,10135.906000000004,99.67966101673554,73.22405762888955
4.198646567502899,0.0275111867517919,23.67731357186118,0.028,4.224,10144.422000000006,99.68410485956316,73.22405762888955
4.198694145326734,0.0252188937107399,23.68329200153492,0.028,4.224,10152.858999999997,99.68814064243455,73.22405762888955
4.1985812806471765,0.0264520900174862,23.66500503183244,0.028,4.224,10161.265,99.69235822011264,73.22405762888955
4.198621949204274,0.0251417728839386,23.66813206176321,0.028,4.224,10169.718999999996,99.69638976829735,73.22405762888955
4.198715594155979,0.0246011526756939,23.663813124629836,0.028,4.224,10178.125,99.70031222857597,73.22405762888955
4.198636688506588,0.0248875119704675,23.67281038766458,0.028,4.224,10186.515,99.70427279366653,73.22405762888955
4.198528214413503,0.0257543683550953,23.6694843461065,0.028,4.224,10194.968999999996,99.70840257311646,73.22405762888955
4.198704386554801,0.0258507794929464,23.673889931198985,0.028,4.224,10203.358999999997,99.71251643130144,73.22405762888955
4.198672438122566,0.0262273102097561,23.669615079008924,0.028,4.224,10211.733999999997,99.71668274801708,73.22405762888955
4.198638729387307,0.027177352636363,23.657445652362902,0.028,4.224,10220.172000000006,99.72103245881819,73.22405762888955
4.198693596781979,0.0280711919941038,23.672472596545862,0.028,4.224,10228.562000000004,99.72549967045404,73.22405762888955
4.1985334371459935,0.0263245437649839,23.668449494249582,0.028,4.224,10236.937000000004,99.72968143312214,73.22405762888955
4.198691447403302,0.0257272720486502,23.662558366686813,0.028,4.224,10245.265,99.73374538136082,73.22405762888955
4.198595550790026,0.0277720390803404,23.67174482752468,0.028,4.224,10253.608999999997,99.73814075476052,73.22405762888955
4.198636442799665,0.0250293631494331,23.669986107770782,0.028,4.224,10261.937000000004,99.74209445945543,73.22405762888955
4.198816566290129,0.024622912129786,23.66616432349218,0.028,4.224,10270.265,99.74598396006753,73.22405762888955
4.198742992588827,0.0253621273674957,23.662508092438063,0.028,4.224,10278.593999999996,99.7499907101425,73.22405762888955
4.198756018105042,0.0275861983539075,23.6709158058695,0.028,4.224,10286.922000000006,99.75434829931869,73.22405762888955
4.198759363724493,0.0267829544486517,23.65678475191888,0.028,4.224,10295.25,99.75857900595375,73.22405762888955
4.198787587453113,0.0266024166338912,23.665565088658425,0.028,4.224,10303.656000000004,99.76282055202833,73.22405762888955
4.198836035532858,0.0238702014656936,23.660593816915164,0.028,4.224,10312.047000000006,99.76661967645897,73.22405762888955
4.198777546716223,0.0241211757779199,23.66408863558731,0.028,4.224,10320.437000000004,99.77045828784135,73.22405762888955
4.198861789311946,0.0258542817326212,23.66764023304657,0.028,4.224,10328.781000000004,99.77455014518992,73.22405762888955
4.198769127397446,0.0264103585121554,23.67288870271977,0.028,4.224,10337.108999999997,99.77872199558104,73.22405762888955
4.198728946997683,0.026744723450762,23.659205893661422,0.028,4.224,10345.437000000004,99.78294666314609,73.22405762888955
4.19870039981165,0.0266476467793491,23.66150459926928,0.028,4.224,10353.89,99.78721917665388,73.22405762888955
4.1989539118139705,0.0264230844583082,23.666258773265533,0.028,4.224,10362.233999999997,99.79140105621373,73.22405762888955
4.1989390934547615,0.0260622481147201,23.661065330624638,0.028,4.224,10370.608999999997,99.79554115213281,73.22405762888955
4.198994615865576,0.0256047557334882,23.664723790070237,0.028,4.224,10378.952999999994,99.79959351796491,73.22405762888955
4.199014397307948,0.0258485179820223,23.6624905843592,0.028,4.224,10387.375,99.80372270540333,73.22405762888955
4.198853820898788,0.0234320757416453,23.667334481413548,0.028,4.224,10395.718999999996,99.80743120956164,73.22405762888955
4.1990050086003,0.0242421362694903,23.66632242112717,0.028,4.224,10404.093999999996,99.81128217318525,73.22405762888955
4.198961104937429,0.0259889070630433,23.66525629853404,0.028,4.224,10412.515,99.81543329421525,73.22405762888955
4.198881657435764,0.0255706156440606,23.6600530673469,0.028,4.224,10420.968999999996,99.8195336084436,73.22405762888955
4.198999851954134,0.0247940753475229,23.66573984965455,0.028,4.224,10429.327999999994,99.82346472530413,73.22405762888955
4.198839498840352,0.0253407765959253,23.66165976432645,0.028,4.224,10437.733999999997,99.82750511279886,73.22405762888955
4.198869238579334,0.0251060811058389,23.658719425272334,0.028,4.224,10446.108999999997,99.83149331763342,73.22405762888955
4.198996354469664,0.0239665861973485,23.66160416167618,0.028,4.224,10454.577999999994,99.83534324044943,73.22405762888955
4.198967081062368,0.0263800109504224,23.662592607566012,0.026,4.224,10463.0,99.8395573315597,73.22405762888955
4.199132740159356,0.0251624880090695,23.65385987525936,0.026,4.224,10471.343999999996,99.84353970138659,73.22405762888955
4.199036227381086,0.0238445966087006,23.66013383904385,0.028,4.224,10479.625,99.84728500023203,73.22405762888955
4.198987846866474,0.0259347857936042,23.663376256619056,0.028,4.224,10487.922000000006,99.8513664783065,73.22405762888955
4.199118205802503,0.0236738571893251,23.65564694816933,0.026,4.224,10496.218999999996,99.8550921435125,73.22405762888955
4.199168877744111,0.0222770491869247,23.657134824023068,0.028,4.224,10505.547000000006,99.85903362883441,73.22405762888955
4.198984194424267,0.0251822458563524,23.66495298088914,0.026,4.224,10513.843999999996,99.86299667619275,73.22405762888955
4.198930286419665,0.025797510626405,23.658233826950603,0.028,4.224,10522.156000000004,99.86706389041,73.22405762888955
4.199078486979652,0.0240858752934489,23.65105288375432,0.026,4.224,10530.437000000004,99.87084708718233,73.22405762888955
4.199164239415111,0.0254885122430411,23.65149457559729,0.026,4.224,10538.733999999997,99.87485833310888,73.22405762888955
4.199245729959692,0.0261312426204092,23.65251286170475,0.026,4.224,10547.015,99.87896279813388,73.22405762888955
4.199114814979457,0.0238448269961444,23.66017558119404,0.026,4.224,10555.343999999996,99.88272984263176,73.22405762888955
4.199108755732117,0.0227503401888236,23.664259751173976,0.026,4.224,10563.625,99.8863032653338,73.22405762888955
4.1990292546552,0.0247617303862141,23.64664290927818,0.026,4.224,10571.937000000004,99.8902071792939,73.22405762888955
4.199340256645956,0.0242631808981562,23.65435165248944,0.026,4.224,10580.218999999996,99.89401868588189,73.22405762888955
4.199524005133769,0.0243391217571857,23.663147107864003,0.026,4.224,10588.515,99.89784858521637,73.22405762888955
4.199089743675671,0.0240454859486274,23.651420226127552,0.026,4.224,10596.812000000004,99.90163273537168,73.22405762888955
4.199206579635677,0.0246366157135458,23.64792034780895,0.026,4.224,10605.093999999996,99.90550290488872,73.22405762888955
4.199239913838741,0.0234198859672207,23.64676412443612,0.026,4.224,10613.422000000006,99.90920237229228,73.22405762888955
4.199365369054489,0.0249993099437092,23.656133624884227,0.026,4.224,10621.718999999996,99.91313663017371,73.22405762888955
4.199215645560827,0.0251991183132736,23.64747578177412,0.026,4.224,10630.015,99.91710185486096,73.22405762888955
4.199317934056976,0.0231694505277351,23.654056535436364,0.026,4.224,10638.297000000006,99.92074154718729,73.22405762888955
4.199362173979265,0.0235831199434533,23.655154584526223,0.026,4.219,10646.577999999994,99.92444577558524,73.22405762888955
4.199180704117873,0.0253588055148674,23.65205724642265,0.026,4.224,10654.858999999997,99.9284289130052,73.22405762888955
4.199474101082966,0.0257037080363847,23.65788774726481,0.026,4.224,10663.156000000004,99.9324740252964,73.22405762888955
4.19940507733361,0.0237925241955961,23.6605576753877,0.026,4.224,10671.452999999994,99.93621836568205,73.22405762888955
4.19941623494198,0.0233243310333384,23.661206584383464,0.026,4.224,10679.718999999996,99.93987530968236,73.22405762888955
4.199338764594465,0.0245069614197297,23.655241695693984,0.026,4.224,10688.0,99.94372464694801,73.22405762888955
4.199382987005603,0.0248075411477091,23.66133963886399,0.026,4.224,10696.297000000006,99.94762872528055,73.22405762888955
4.199530758959755,0.0253546962057105,23.64920203883777,0.026,4.224,10704.577999999994,99.95161121724648,73.22405762888955
4.199346058427529,0.0234248427614127,23.65273748878882,0.026,4.224,10712.858999999997,99.95529058486122,73.22405762888955
4.199399198781757,0.0252705049487423,23.652618711799946,0.026,4.224,10721.14,99.95925985280739,73.22405762888955
4.199560818347222,0.0227194246855301,23.65563791069488,0.026,4.224,10729.422000000006,99.96282885050924,73.22405762888955
4.199508171424363,0.0217661320095518,23.648170904671264,0.026,4.224,10737.702999999994,99.9662476824745,73.22405762888955
4.1995730674740805,0.0233214781111367,23.652305504074405,0.026,4.224,10745.983999999997,99.969910814482,73.22405762888955
4.1995504355559365,0.0235189946332908,23.655147917416237,0.026,4.224,10754.25,99.97359827913832,73.22405762888955
4.199638694479287,0.0238776281341221,23.64700641307884,0.026,4.224,10762.562000000004,99.97736280626759,73.22405762888955
4.199588428866055,0.0235747246872428,23.648984233860716,0.026,4.224,10770.827999999994,99.981059008653,73.22405762888955
4.199643589637112,0.0250888578332639,23.650445895815515,0.026,4.224,10779.108999999997,99.984999745073,73.22405762888955
4.199477906598834,0.0236125802223617,23.65060387937463,0.026,4.224,10787.437000000004,99.98872965097301,73.22405762888955
4.199519615941343,0.024166913887435,23.650968877017966,0.026,4.224,10795.718999999996,99.99252603496241,73.22405762888955
4.199503173452056,0.0231174973565161,23.649343037092414,0.026,4.224,10804.047000000006,99.99617773625772,73.22405762888955
4.199457853194275,0.0242438396985917,23.64411546055796,0.026,4.224,10812.358999999997,99.99999999999976,73.22405762888955
