Voltage_measured,Current_measured,Temperature_measured,Current_charge,Voltage_charge,Time,SoC,SoH
3.4820340016816207,-0.0033441605633273,24.066454206386364,0.0001,-0.01,0.0,-0.0,87.51386215884716
3.1738059615160044,-2.2392959320006747,24.075058849467677,-2.2388,1.979,2.4540000000000006,-0.08721209166134436,87.51386215884716
3.667608670712665,1.4976257223101015,24.07271639071927,1.5017,4.461,6.219000000000001,0.002274697209107396,87.51386215884716
3.684649470615114,1.4971540669040064,24.070373035676337,1.5017,4.487,9.75,0.08617332639368164,87.51386215884716
3.697133456520917,1.4945672583744225,24.075427529524973,1.5017,4.499,13.282000000000004,0.16995071361677425,87.51386215884716
3.707464143097056,1.4977032380304982,24.099094213357613,1.5017,4.499,16.813000000000002,0.2538801176599412,87.51386215884716
3.716671808108088,1.4963947919519696,24.112928175599176,1.5017,4.512,20.344,0.3377361980320329,87.51386215884716
3.7250702225751904,1.49667311555003,24.11030692035978,1.5017,4.525,23.938,0.4231043113513462,87.51386215884716
3.733096754593079,1.4964234055151482,24.112620680336818,1.5017,4.525,27.469,0.5069619951914979,87.51386215884716
3.740303854716025,1.497632073697145,24.112598360768526,1.5017,4.537,31.016,0.5912677020304156,87.51386215884716
3.747615691195798,1.4972504458799405,24.11269036135122,1.5017,4.55,34.625,0.6770251771873328,87.51386215884716
3.754478684402924,1.4975394245233815,24.129522322442394,1.5017,4.55,38.157,0.7609691680296049,87.51386215884716
3.760672021641327,1.4957112481218304,24.139120342201117,1.5017,4.563,41.688,0.8447869434659497,87.51386215884716
3.7671219894031234,1.4974727052533057,24.13525137444552,1.5017,4.563,45.219,0.9287034287424939,87.51386215884716
3.7730209050015584,1.4945096137153788,24.13978071322513,1.5017,4.575,48.813,1.0139481389834277,87.51386215884716
3.77893926442387,1.4971171836157526,24.13936695272283,1.5017,4.575,52.344,1.0978447012749595,87.51386215884716
3.784698253726618,1.4960624063532502,24.142319376689883,1.5017,4.575,55.907,1.1824419395222818,87.51386215884716
3.789983841059477,1.4948426564418995,24.14759996146786,1.5017,4.588,59.454,1.2665906226185182,87.51386215884716
3.795502689941144,1.4961334484622355,24.15658148679676,1.5017,4.588,63.047,1.3519042097037195,87.51386215884716
3.800478161417645,1.4974209777418348,24.167563892024937,1.5017,4.601,66.57900000000001,1.4358415610576536,87.51386215884716
3.805533916451455,1.4952626485561895,24.15730472960326,1.5017,4.601,70.11,1.5196341975390686,87.51386215884716
3.810195830091189,1.4958404828616008,24.16719233048688,1.5017,4.613,73.64099999999999,1.6034592151275402,87.51386215884716
3.815105045083183,1.497575252687863,24.169147809771285,1.5017,4.613,77.235,1.6888787850706226,87.51386215884716
3.8197459542002967,1.4964021126029547,24.17646903687715,1.5017,4.613,80.76599999999999,1.7727352756827797,87.51386215884716
3.824140871604538,1.4984070938781056,24.17587502766872,1.5017,4.626,84.297,1.8567041229215826,87.51386215884716
3.828413403518165,1.4964916646551922,24.166735214336317,1.5017,4.626,87.89099999999999,1.9420618865390193,87.51386215884716
3.8327609937909823,1.4979172008453734,24.16316022199265,1.5017,4.626,91.422,2.0260032807889803,87.51386215884716
3.836886145873557,1.4960644291145886,24.175150871981767,1.5017,4.639,94.954,2.109864591336456,87.51386215884716
3.8408262467407406,1.4982973694137016,24.161801265855072,1.5017,4.639,98.532,2.1949448901015125,87.51386215884716
3.845140472286024,1.4959716603219726,24.164347672012745,1.5017,4.639,102.157,2.281008989847981,87.51386215884716
3.848818793575815,1.497540422070575,24.16541779363952,1.5017,4.651,105.704,2.3653095373722066,87.51386215884716
3.852497898378741,1.4973364169513417,24.17012422009669,1.5017,4.651,109.235,2.4492183852238782,87.51386215884716
3.856217936278192,1.497025211958877,24.17299097172473,1.5017,4.651,112.829,2.5346065816233363,87.51386215884716
3.8600153406896895,1.4950424101568809,24.178093456054444,1.5017,4.651,116.36,2.6183868762221065,87.51386215884716
3.863105875161729,1.49724460153604,24.163163252368328,1.5017,4.664,119.891,2.702290578853489,87.51386215884716
3.8667119928762457,1.4966710320164776,24.16382799156664,1.5017,4.664,123.485,2.787658573331001,87.51386215884716
3.86993579777773,1.4962790348755268,24.16947024223454,1.5017,4.664,127.016,2.8715081668222524,87.51386215884716
3.87322653060553,1.4972986006810791,24.16435793473859,1.5017,4.677,130.547,2.955414895497744,87.51386215884716
3.876135546271904,1.494350718397427,24.173324404617517,1.5017,4.677,134.125,3.0402710850476065,87.51386215884716
3.879277426769613,1.4967910791436547,24.16883617466052,1.5017,4.677,137.719,3.125645926843114,87.51386215884716
3.882224944078902,1.4991564470749683,24.164985836366057,1.5017,4.677,141.25,3.2096567668917295,87.51386215884716
3.8847051294067056,1.4989233316876784,24.15756217404739,1.5017,4.677,144.782,3.293678332112629,87.51386215884716
3.887241605066085,1.4962363755112051,24.17511922022372,1.5017,4.689,148.375,3.378997788377324,87.51386215884716
3.889701509501708,1.495333594979144,24.165486931121148,1.5017,4.689,151.907,3.4628181323011717,87.51386215884716
3.892193756540196,1.4961267584962017,24.17218066555227,1.5017,4.689,155.438,3.5466591924158215,87.51386215884716
3.8945057036245223,1.493477207525942,24.17217504378837,1.5017,4.689,159.032,3.63184501567091,87.51386215884716
3.896532936105456,1.4956167474520334,24.175906865584373,1.5017,4.689,162.563,3.7156574954086827,87.51386215884716
3.898500373449662,1.497264346985605,24.167804950954665,1.5017,4.689,166.094,3.799562304550202,87.51386215884716
3.899993329451086,1.497978881803654,24.171370562579387,1.5017,4.702,169.735,3.8861222597088747,87.51386215884716
3.9015638007469766,1.494447406629462,24.17151329657195,1.5017,4.702,173.25,3.9694897289798163,87.51386215884716
3.903198731319552,1.497385720634579,24.17363078942964,1.5017,4.702,176.782,4.053425104010296,87.51386215884716
3.904569334151081,1.4974469220053297,24.17109645301368,1.5017,4.702,180.313,4.137340144426081,87.51386215884716
3.906319483553426,1.4973752778506424,24.16633446285219,1.5017,4.702,183.907,4.222748308087867,87.51386215884716
3.907307440202224,1.499219365209398,24.169282152921586,1.5017,4.702,187.438,4.30676267398953,87.51386215884716
3.9082057144394433,1.495270780740512,24.173949384234785,1.5017,4.702,190.969,4.390555766188318,87.51386215884716
3.909602672379082,1.4982780513275331,24.170040531571622,1.5017,4.702,194.563,4.476015422769751,87.51386215884716
3.910646603989738,1.4962400635248554,24.18220430064794,1.5017,4.702,198.094,4.55986283235557,87.51386215884716
3.9116981999742126,1.4970352075096065,24.19268132915041,1.5017,4.715,201.657,4.644515079198017,87.51386215884716
3.912602356954064,1.4971508301464769,24.177209213718157,1.5017,4.715,205.25,4.729886680146224,87.51386215884716
3.913423286693534,1.4990141466580564,24.190460268652167,1.5017,4.715,208.797,4.814270187561077,87.51386215884716
3.914510794997028,1.4977416482022807,24.201382915148216,1.5017,4.715,212.391,4.899699248468474,87.51386215884716
3.9149553169742575,1.4961294214851864,24.21010279567996,1.5017,4.715,215.922,4.983540457813675,87.51386215884716
3.91609805727218,1.4954125694495737,24.20207766527928,1.5017,4.715,219.454,5.067365228620792,87.51386215884716
3.916743524810838,1.4962364326427198,24.20451873906872,1.5017,4.715,223.047,5.152684688143281,87.51386215884716
3.9175388330765215,1.498570063751348,24.190060105181438,1.5017,4.715,226.579,5.236686451067208,87.51386215884716
3.918121936098807,1.496503567493226,24.193426452407035,1.5017,4.715,230.11,5.3205486270836975,87.51386215884716
3.91912822650872,1.496263404783321,24.190078675021944,1.5017,4.715,233.704,5.405893371081548,87.51386215884716
3.919773070522606,1.4941462768896916,24.18452637232767,1.5017,4.715,237.235,5.489623447500143,87.51386215884716
3.920417657819829,1.497807437897806,24.17488981449207,1.5017,4.715,240.766,5.573558690772698,87.51386215884716
3.921174397625809,1.4975954117560148,24.1722888375216,1.5017,4.715,244.344,5.658599129114546,87.51386215884716
3.921862142271784,1.498161432790086,24.18411339345896,1.5017,4.715,247.875,5.742554209815232,87.51386215884716
3.922349717036152,1.4963420367169913,24.17376120503547,1.5017,4.715,251.407,5.826431081549047,87.51386215884716
3.9233308996984864,1.4969604113647994,24.17874071785044,1.5017,4.715,254.938,5.910318858520991,87.51386215884716
3.9239120472641615,1.4989047092677863,24.17267478388742,1.5017,4.715,258.469,5.994315591499798,87.51386215884716
3.924806734097599,1.4944671712922606,24.178957869799746,1.5017,4.727,262.047,6.079178393787084,87.51386215884716
3.925304548845324,1.498165249397696,24.181623912163268,1.5017,4.727,265.579,6.163157464999633,87.51386215884716
3.9260582335826273,1.4976015043148894,24.176266877644707,1.5017,4.727,269.11,6.247081168013447,87.51386215884716
3.926743817047406,1.4946684506051786,24.19324838629095,1.5017,4.727,272.704,6.332334938085459,87.51386215884716
3.92784698750536,1.4967487806721298,24.195179152316044,1.5017,4.727,276.235,6.416210855539804,87.51386215884716
3.92829391677592,1.4960502696426168,24.19270025370895,1.5017,4.727,279.75,6.499667740224363,87.51386215884716
3.929087707408129,1.4964434447548591,24.193610933817773,1.5017,4.727,283.344,6.585022753447026,87.51386215884716
3.929788483670144,1.4970827281153511,24.19821383732661,1.5017,4.727,286.86,6.668560993088348,87.51386215884716
3.930535986489281,1.4961889492507492,24.20458041816938,1.5017,4.727,290.407,6.752785462600255,87.51386215884716
3.931292752501483,1.4972074807000322,24.18481645380544,1.5017,4.727,293.938,6.8366870850267185,87.51386215884716
3.932093437486537,1.495464716746928,24.196745080777024,1.5017,4.727,297.516,6.921606532588198,87.51386215884716
3.932858502569079,1.4992596220555097,24.198651954304484,1.5017,4.727,301.047,7.005623154432838,87.51386215884716
3.933650304161568,1.4976357637343,24.19138836753875,1.5017,4.727,304.579,7.089572545532164,87.51386215884716
3.934518732600581,1.4979362569109635,24.200438016225583,1.5017,4.727,308.11,7.173515007660051,87.51386215884716
3.93524662914852,1.4971466277341834,24.186740776494048,1.5017,4.727,311.641,7.257413219962913,87.51386215884716
3.935898484034044,1.4935277641428566,24.20032244996757,1.5017,4.727,315.172,7.341108635705802,87.51386215884716
3.936733675577139,1.495442983446055,24.20193985816053,1.5017,4.727,318.766,7.426406584033336,87.51386215884716
3.9376472591839,1.4951403347661356,24.197455913771144,1.5017,4.727,322.297,7.510192366203936,87.51386215884716
3.938414157601923,1.4971709214788127,24.19732335107503,1.5017,4.727,325.829,7.59411570075116,87.51386215884716
3.9391020413725824,1.497641115149888,24.19639497454089,1.5017,4.74,329.422,7.679515259080027,87.51386215884716
3.939841105567333,1.4963564461372172,24.203089924745512,1.5017,4.74,332.969,7.76374915743875,87.51386215884716
3.9405404732168567,1.4979792455947072,24.205774992545216,1.5017,4.74,336.485,7.847337423368282,87.51386215884716
3.9413566203715686,1.4953204862113825,24.191749782127744,1.5017,4.74,340.079,7.932628384627162,87.51386215884716
3.9425630323077874,1.4966497303491484,24.20429134089548,1.5017,4.74,343.61,8.016498751426097,87.51386215884716
3.942928650907216,1.4976844806162672,24.208835871870694,1.5017,4.74,347.141,8.100427104327384,87.51386215884716
3.943670040416378,1.4977329307442522,24.19803171479805,1.5017,4.74,350.719,8.185475351637495,87.51386215884716
3.944467961795412,1.4974674754749375,24.20163204595164,1.5017,4.74,354.25,8.269391543843843,87.51386215884716
3.9451987790053953,1.4946813553729394,24.2150870476376,1.5017,4.74,357.782,8.353175326729875,87.51386215884716
3.945931577014736,1.4967444605388471,24.20050337986407,1.5023,4.74,361.36,8.438167444100689,87.51386215884716
3.946638045092932,1.4967712851956805,24.19759543212961,1.5017,4.74,364.875,8.52166455050312,87.51386215884716
3.947376979153346,1.4985780857639148,24.218615179573757,1.5017,4.74,368.407,8.605666763097847,87.51386215884716
3.948146230682402,1.4953173893033622,24.21171608917671,1.5017,4.74,371.938,8.689462467181821,87.51386215884716
3.9489657019332105,1.498091150596269,24.194889045700943,1.5017,4.74,375.532,8.774911463210431,87.51386215884716
3.949932427158119,1.495194800260322,24.213234919828427,1.5017,4.74,379.063,8.858700297558759,87.51386215884716
3.950489383987447,1.496054670385692,24.206896773577093,1.5017,4.74,382.594,8.942537317946444,87.51386215884716
3.951301419865064,1.497175300664939,24.200896477685045,1.5017,4.74,386.172,9.02755390042505,87.51386215884716
3.952034063623788,1.4972393835739377,24.20635208039183,1.5017,4.74,389.704,9.111481072588425,87.51386215884716
3.952720573014965,1.4974775113245795,24.215094001969277,1.5017,4.753,393.219,9.195017575683467,87.51386215884716
3.9535124240062256,1.495627784451607,24.21050531264539,1.5017,4.753,396.766,9.279210455730997,87.51386215884716
3.954265418793251,1.495539601089838,24.21113415249468,1.5017,4.753,400.297,9.363018612283751,87.51386215884716
3.95486532166134,1.4952969146356223,24.22361153313559,1.5017,4.753,403.829,9.446836900105188,87.51386215884716
3.955470734123092,1.497183428498792,24.207578864867514,1.5017,4.753,407.375,9.531093590456399,87.51386215884716
3.9561402996333017,1.4979770227954718,24.19829137371086,1.5017,4.753,410.954,9.616179472096082,87.51386215884716
3.956954816894246,1.4973933684152412,24.19924952917008,1.5017,4.753,414.485,9.700091511436096,87.51386215884716
3.957740577171895,1.4975829729752683,24.19801704671439,1.5017,4.753,418.016,9.784014175976965,87.51386215884716
3.9584164891715896,1.4963846483018954,24.189573526925543,1.5017,4.753,421.594,9.868985861534144,87.51386215884716
3.959096791019954,1.4998263909958225,24.192554629117705,1.5017,4.753,425.125,9.953034244396711,87.51386215884716
3.959824348218899,1.4962820366129428,24.1958473109934,1.5017,4.753,428.657,10.036907752847995,87.51386215884716
3.9606962651166393,1.4981275081487395,24.200250869628658,1.5017,4.753,432.172,10.120480515894387,87.51386215884716
3.961306486222676,1.497136898696558,24.20719239524649,1.5017,4.753,435.766,10.205875082747074,87.51386215884716
3.9619930204423226,1.4962962331067438,24.21218901642981,1.5017,4.753,439.297,10.289725640005551,87.51386215884716
3.962640970600357,1.4952041994403409,24.196203704422462,1.5017,4.753,442.829,10.373538730712726,87.51386215884716
3.963112767458697,1.4972636039833116,24.18946053674509,1.5017,4.753,446.407,10.45856032746477,87.51386215884716
3.964129120211042,1.4982219603995657,24.241495371651528,1.5017,4.765,449.938,10.542518800056495,87.51386215884716
3.964683304784359,1.4955006162145748,24.22398014149854,1.5017,4.765,453.469,10.626324771945917,87.51386215884716
3.965350234460175,1.494812976421781,24.211024001949053,1.5017,4.765,457.063,10.711586785565675,87.51386215884716
3.965935592418991,1.495950209718412,24.218929975420043,1.5017,4.765,460.594,10.795417952109071,87.51386215884716
3.9666943050590375,1.4972816781843512,24.21548596235168,1.5017,4.765,464.11,10.878967293300246,87.51386215884716
3.967538024641919,1.4954881843833348,24.22238441782548,1.5017,4.765,467.688,10.963888073463353,87.51386215884716
3.9679165855587497,1.4964292785537323,24.228791418919325,1.5017,4.765,471.219,11.047746086421196,87.51386215884716
3.968650783498858,1.4956367926887542,24.21614019927884,1.5017,4.765,474.75,11.1315596894688,87.51386215884716
3.969375714625294,1.4958091497463732,24.22614851005888,1.5017,4.765,478.329,11.216522434780716,87.51386215884716
3.970233099574037,1.4981948453486342,24.23190244268943,1.5017,4.765,481.844,11.300098954220221,87.51386215884716
3.970798448116134,1.4933182887561274,24.254656046873365,1.5017,4.765,485.375,11.38378263122614,87.51386215884716
3.9714760799702846,1.4957974264366796,24.243873680360604,1.5017,4.765,488.938,11.46836488576086,87.51386215884716
3.971922376411305,1.493932120229741,24.235673406694723,1.5017,4.765,492.516,11.553197305358312,87.51386215884716
3.972552864810101,1.495359548508702,24.25702117573365,1.5017,4.765,496.094,11.638110780977694,87.51386215884716
3.97332115249014,1.4976969778892215,24.259141851116635,1.5017,4.765,499.61,11.721683296176302,87.51386215884716
3.9741229001068032,1.4985365901784369,24.289841555379542,1.5017,4.765,503.141,11.805659400224759,87.51386215884716
3.974638817724425,1.496752366747605,24.285849569425128,1.5017,4.765,506.672,11.889535518638256,87.51386215884716
3.9753422504471927,1.4961430152988195,24.275607648110352,1.5017,4.765,510.266,11.974873395790537,87.51386215884716
3.975782413082928,1.4962132189030268,24.272662283902243,1.5017,4.765,513.797,12.058719301037542,87.51386215884716
3.976586294876887,1.4965633006659664,24.258384668240705,1.5017,4.765,517.329,12.14260857563608,87.51386215884716
3.9768473168963374,1.4972294092765748,24.24387612542169,1.5017,4.765,520.922,12.227984657379414,87.51386215884716
3.97758356016884,1.4969104315578667,24.22294406434703,1.5017,4.778,524.454,12.311893390265286,87.51386215884716
3.978279732815027,1.4982034398583552,24.2481735009983,1.5017,4.778,527.969,12.395470389147912,87.51386215884716
3.979253723501041,1.498083068227534,24.261531383558246,1.5017,4.778,531.5,12.479421078397161,87.51386215884716
3.979454985357112,1.499120010413045,24.25071308518085,1.5017,4.778,535.079,12.564571882333823,87.51386215884716
3.9801316321962346,1.4955748004288951,24.214673749740232,1.5017,4.778,538.594,12.64800224305716,87.51386215884716
3.980751207955068,1.4961221073225182,24.20981331998163,1.5017,4.778,542.125,12.731843042525892,87.51386215884716
3.981439890375369,1.4976804108175192,24.235916196744675,1.5017,4.778,545.704,12.816912076449444,87.51386215884716
3.9821874216151336,1.499014398316508,24.251624586054604,1.5017,4.778,549.235,12.900914956264458,87.51386215884716
3.982639953137741,1.4985518264859323,24.2407733011523,1.5017,4.778,552.766,12.984891914136401,87.51386215884716
3.983360315843008,1.4974610414436502,24.25618256442352,1.5017,4.778,556.344,13.069924722306462,87.51386215884716
3.983733190067194,1.4970656652458256,24.250837837940512,1.5017,4.778,559.875,13.153818397573398,87.51386215884716
3.9844311314363146,1.4992234604250074,24.249154011830377,1.5017,4.778,563.391,13.237476091541012,87.51386215884716
3.985139804341696,1.4931110668392336,24.26044862508303,1.5017,4.778,566.922,13.321148156091574,87.51386215884716
3.9855597571085895,1.4990223682114376,24.25009931015161,1.5017,4.778,570.516,13.406650267453166,87.51386215884716
3.9862304818404337,1.497847534735392,24.250514049737752,1.5017,4.778,574.047,13.490587757702025,87.51386215884716
3.9865555772405386,1.4977190996591223,24.246961489904603,1.5017,4.778,577.579,13.57454182016425,87.51386215884716
3.987174519279264,1.4978934601399552,24.260937173330547,1.5017,4.778,581.157,13.659599183080665,87.51386215884716
3.987552772274776,1.4973983766948975,24.268797530753503,1.5017,4.778,584.704,13.74389173449155,87.51386215884716
3.9884241564317953,1.496330939712081,24.26466280454716,1.5017,4.778,588.235,13.827744236664502,87.51386215884716
3.988861699495361,1.4968981221609496,24.265711882722258,1.5017,4.778,591.813,13.912745079657466,87.51386215884716
3.989358767915922,1.4984430803911108,24.23687438036893,1.5017,4.778,595.344,13.996715943535158,87.51386215884716
3.989821926272736,1.4955528323879568,24.22869052871981,1.5017,4.791,598.86,14.080168813949046,87.51386215884716
3.990160052354191,1.4979899040104294,24.233739758728998,1.5017,4.791,602.469,14.165968642783286,87.51386215884716
3.991041310328228,1.497671280576659,24.23564030342841,1.5017,4.791,606.0,14.249896255970967,87.51386215884716
3.991468447933294,1.496713339436193,24.220699603085144,1.5017,4.791,609.532,14.333793940934505,87.51386215884716
3.991832376059669,1.4964856427039177,24.23714857724721,1.5017,4.791,613.047,14.41727511282392,87.51386215884716
3.992484224497834,1.4977954392774582,24.22349162166643,1.5017,4.791,616.579,14.501233454473802,87.51386215884716
3.992909582698409,1.4976407588130465,24.222583728881546,1.5017,4.791,620.11,14.585159357260277,87.51386215884716
3.993276932587708,1.4972043341182142,24.231351500487623,1.5017,4.791,623.688,14.670177588393502,87.51386215884716
3.99413015162427,1.4968518435462186,24.24053977208803,1.5017,4.791,627.219,14.754059281361567,87.51386215884716
3.99446227513114,1.4965143852682858,24.238518637813076,1.5017,4.791,630.735,14.8375658070835,87.51386215884716
3.994912229151244,1.4978612379526075,24.2459950990138,1.5017,4.791,634.313,14.92262134027413,87.51386215884716
3.995370362895311,1.497205956081968,24.261108850475107,1.5017,4.791,637.844,15.006522877262915,87.51386215884716
3.9958769355067214,1.4967267744698023,24.262586137434287,1.5017,4.791,641.375,15.090397561517383,87.51386215884716
3.996363873568744,1.4970679802399425,24.273180463790546,1.5017,4.791,644.954,15.175431809062475,87.51386215884716
3.996560898695825,1.4972204708403014,24.27316637029176,1.5017,4.791,648.485,15.259334159440046,87.51386215884716
3.997156047004764,1.4943511761091792,24.276203023008527,1.5017,4.791,652.016,15.343075718152956,87.51386215884716
3.997621014608747,1.496800963528168,24.262930101249367,1.5017,4.791,655.532,15.426598235137698,87.51386215884716
3.998012847582452,1.4971859928610385,24.255750383792204,1.5017,4.791,659.11,15.511615424768966,87.51386215884716
3.998349339152276,1.4990933459537794,24.251559050437468,1.5017,4.791,662.641,15.595622728710184,87.51386215884716
3.9988379532628544,1.4976925729379345,24.26675739625247,1.5017,4.791,666.172,15.679551535094994,87.51386215884716
3.999259088564437,1.4979262856955322,24.28280139620557,1.5017,4.791,669.75,15.764610761999249,87.51386215884716
3.9997493411712233,1.4975167153132771,24.284723781911215,1.5017,4.791,673.282,15.848553479885567,87.51386215884716
4.0001935463695455,1.4974540280344268,24.278549959691663,1.5017,4.791,676.797,15.932088672969652,87.51386215884716
4.00072186502584,1.4958617664761764,24.290379774414102,1.5017,4.791,680.329,16.01593862334164,87.51386215884716
4.000935415022571,1.4966137058493785,24.29028773690045,1.5017,4.791,683.907,16.10092331585256,87.51386215884716
4.001324433182509,1.4969692851830043,24.269664481928253,1.5017,4.791,687.438,16.184811590102104,87.51386215884716
4.0018555069989645,1.4963589999966356,24.26341521701049,1.5017,4.791,690.954,16.268309445219657,87.51386215884716
4.00228650458416,1.4957677007003902,24.25810401206014,1.5017,4.791,694.547,16.35360217637549,87.51386215884716
4.002639207854338,1.4953324987151375,24.261850913075463,1.5017,4.791,698.079,16.437422458848687,87.51386215884716
4.00256906271847,1.4990267210699857,24.26329099291605,1.5017,4.791,701.594,16.521045384319834,87.51386215884716
4.003082742523066,1.4961512620748725,24.24950756093218,1.5017,4.791,705.188,16.606383731856532,87.51386215884716
4.003616911601351,1.4959456136574831,24.25113252285296,1.5017,4.803,708.719,16.690214640842456,87.51386215884716
4.004038739014392,1.4935811668649062,24.262956438688057,1.5017,4.803,712.235,16.773557490972323,87.51386215884716
4.00426031089218,1.4954204449912667,24.26307787836667,1.5017,4.803,715.766,16.85735897016731,87.51386215884716
4.004537386186185,1.4983074265164462,24.265524721737037,1.5017,4.803,719.36,16.94282030226789,87.51386215884716
4.005092376812935,1.4979615537408018,24.26873330965218,1.5017,4.803,722.891,17.02676418199827,87.51386215884716
4.005365062182009,1.4970218412067384,24.27085149106932,1.5017,4.803,726.422,17.11065540142123,87.51386215884716
4.005489855367149,1.4995477836861049,24.26415154737197,1.5017,4.803,730.032,17.1965682589447,87.51386215884716
4.006154296118679,1.497988290950651,24.247092634777328,1.5017,4.803,733.625,17.281987614179346,87.51386215884716
4.0065060051684,1.4966047334760786,24.25265498371481,1.5017,4.803,737.157,17.365879211277967,87.51386215884716
4.006578272284842,1.4978567890186498,24.25508604008442,1.5017,4.803,740.672,17.449436872308286,87.51386215884716
4.006956403972631,1.49672441694984,24.26286481612415,1.5017,4.803,744.204,17.533335178217545,87.51386215884716
4.007495566461392,1.4979831969289583,24.268405708359943,1.5017,4.803,747.797,17.618754242977257,87.51386215884716
4.007807757197488,1.4948992578526892,24.2596624775512,1.5017,4.803,751.329,17.702550240302166,87.51386215884716
4.007935926468046,1.4987911229622928,24.242001365549505,1.5017,4.803,754.86,17.786540608047403,87.51386215884716
4.008331686192148,1.4973425258417647,24.270918442266524,1.5017,4.803,758.438,17.871566686349933,87.51386215884716
4.008728399972462,1.4964891038537522,24.284304526102098,1.5017,4.803,761.969,17.955428051842272,87.51386215884716
4.008995525466972,1.496216618454811,24.264017988934405,1.5017,4.803,765.5,18.03927414759588,87.51386215884716
4.00930966315981,1.4970034690680012,24.256138005229325,1.5017,4.803,769.079,18.124304730872527,87.51386215884716
4.009736744635617,1.4969147419004,24.252391872143093,1.5017,4.803,772.61,18.208189948585176,87.51386215884716
4.01013474669845,1.4970231881490603,24.241047873999342,1.5017,4.803,776.141,18.292081243489083,87.51386215884716
4.010380892400649,1.496776410937109,24.243625890300216,1.5017,4.803,779.672,18.375958709308694,87.51386215884716
4.010542370911498,1.496927433087683,24.259026441218527,1.5017,4.803,783.25,18.460961216712512,87.51386215884716
4.010844864093008,1.497822014771662,24.2573156470764,1.5017,4.803,786.782,18.544921048041402,87.51386215884716
4.011207870651981,1.497948852154488,24.25166908708055,1.5017,4.803,790.313,18.62886421599088,87.51386215884716
4.011665036996571,1.4989348915383789,24.24551455743727,1.5017,4.803,793.891,18.71398071622965,87.51386215884716
4.012010806394409,1.499058339834038,24.25340457760399,1.5017,4.803,797.422,18.79798605847199,87.51386215884716
4.012036631257271,1.4951976888961378,24.26249884740536,1.5017,4.803,800.969,18.88215472729271,87.51386215884716
4.012537353336757,1.496313230641735,24.25551959917493,1.5017,4.803,804.5,18.96600623707165,87.51386215884716
4.012914485531822,1.4983129126030248,24.240357181334293,1.5017,4.803,808.079,19.051111197428813,87.51386215884716
4.013083579092709,1.4973250780006142,24.246571564148017,1.5017,4.803,811.594,19.134639197059368,87.51386215884716
4.013241966059498,1.4983264706176278,24.243732532240504,1.5017,4.803,815.125,19.218603526272148,87.51386215884716
4.013602484064401,1.49615253255903,24.24071574060212,1.5017,4.803,818.704,19.303585775908168,87.51386215884716
4.013823930446356,1.4969240725719517,24.23767356882295,1.5017,4.816,822.235,19.387471516499907,87.51386215884716
4.014347327284428,1.4980978930732145,24.23916562256835,1.5017,4.816,825.766,19.471423036514846,87.51386215884716
4.014640083809054,1.4957244537569447,24.22841047930156,1.5017,4.816,829.344,19.556357233152752,87.51386215884716
4.015068367352535,1.4941923194523017,24.212273034352734,1.5017,4.816,832.875,19.640089889738594,87.51386215884716
4.015174215829676,1.4955215138489963,24.224946035424907,1.5017,4.816,836.407,19.72392076738171,87.51386215884716
4.015384382323318,1.495797993908304,24.214865253012967,1.5017,4.816,839.954,19.80812322897387,87.51386215884716
4.015843506292494,1.4970509364458924,24.22596878651996,1.5017,4.803,843.579,19.894249420089075,87.51386215884716
4.016031449138032,1.4991689205264886,24.205697058655183,1.5017,4.816,847.094,19.97788027813033,87.51386215884716
4.016565641582433,1.4954308928199247,24.193186965121946,1.5017,4.816,850.61,20.06132634423296,87.51386215884716
4.016719631440151,1.4959490340884434,24.173752175353368,1.5017,4.816,854.141,20.14515744489553,87.51386215884716
4.016701979402434,1.4945215294199263,24.19925220553987,1.5017,4.816,857.735,20.230402834791366,87.51386215884716
4.01738074483401,1.495369202474744,24.18620090079876,1.5017,4.816,861.266,20.314201442420238,87.51386215884716
4.017442559965631,1.496464818816028,24.20570566411571,1.5017,4.816,864.782,20.397705202300255,87.51386215884716
4.0180359551533655,1.4970433961927738,24.212200083498807,1.5017,4.816,868.375,20.483070677073034,87.51386215884716
4.018147945442706,1.4982118356713063,24.183783349046973,1.5017,4.816,871.907,20.56705235966106,87.51386215884716
4.018328969327364,1.4974490736738215,24.18810870779462,1.5017,4.816,875.438,20.650967520653637,87.51386215884716
4.018825413357352,1.4981874032421842,24.200235254848767,1.5017,4.816,879.032,20.736422006796758,87.51386215884716
4.018993456718511,1.4980281026507596,24.18537242371494,1.5017,4.816,882.563,20.820369615844278,87.51386215884716
4.019323213408335,1.4956963299019372,24.187580107671696,1.5017,4.816,886.094,20.904186555282365,87.51386215884716
4.019610862959664,1.4971762274152491,24.19617822096668,1.5017,4.816,889.672,20.989203190386167,87.51386215884716
4.01983560797844,1.497774185466718,24.19573475988548,1.5017,4.816,893.219,21.073516897075912,87.51386215884716
4.020040632213705,1.4986953352957109,24.193876692301657,1.5017,4.816,896.735,21.157145121300278,87.51386215884716
4.020566657228924,1.4963308739201715,24.190639523089644,1.5017,4.816,900.282,21.24137758013065,87.51386215884716
4.020758386420983,1.4962173339626987,24.169406970686268,1.5023,4.816,903.844,21.325959833287513,87.51386215884716
4.020775216561129,1.494048051176072,24.160913493490455,1.5017,4.816,907.438,21.41117821665536,87.51386215884716
4.021212886576562,1.4962650933678705,24.16673243513803,1.5017,4.816,910.969,21.495027028882078,87.51386215884716
4.0217027758132815,1.4985279664649374,24.163308913048866,1.5017,4.816,914.5,21.57900264966848,87.51386215884716
4.022127374114628,1.4946272815288284,24.18191489949644,1.5023,4.816,918.079,21.663898264244917,87.51386215884716
4.0222114331047365,1.4974051922271263,24.16151245925324,1.5017,4.816,921.61,21.747810966176466,87.51386215884716
4.022433124723412,1.4979317331163375,24.16341543936434,1.5017,4.816,925.141,21.831753174796596,87.51386215884716
4.022722353268795,1.4945808082500889,24.170632133327647,1.5017,4.816,928.719,21.916622429919297,87.51386215884716
4.022951454274403,1.4966198830782376,24.15522464355945,1.5017,4.816,932.25,22.000491124114742,87.51386215884716
4.023525034656732,1.496160844636041,24.162310782702924,1.5017,4.816,935.782,22.084357839196826,87.51386215884716
4.023653556395855,1.4986939514674045,24.16853291222112,1.5017,4.816,939.297,22.167962201177886,87.51386215884716
4.024119712811297,1.4980222834744463,24.164748500538856,1.5017,4.816,942.891,22.25340726912347,87.51386215884716
4.024255872847882,1.4971626446227055,24.173618110817053,1.5017,4.816,946.422,22.3373063789926,87.51386215884716
4.024595496519173,1.4973738885087278,24.16931806627251,1.5017,4.816,949.938,22.420860865582913,87.51386215884716
4.024964335190169,1.4972437640154264,24.17345453787693,1.5017,4.816,953.532,22.50626152788193,87.51386215884716
4.025170807035923,1.495808172327873,24.177391623509987,1.5017,4.816,957.063,22.590084734828768,87.51386215884716
4.025405817366896,1.4965853457273726,24.1608145791634,1.5017,4.816,960.594,22.67395149359455,87.51386215884716
4.025895678754638,1.4983586122407522,24.16109117347092,1.5017,4.816,964.172,22.759035270012394,87.51386215884716
4.026198787365423,1.4969646194666368,24.16279772107298,1.5017,4.816,967.719,22.84330340407114,87.51386215884716
4.026501381970927,1.4981535683342238,24.15273466221396,1.5017,4.816,971.235,22.9269013973287,87.51386215884716
4.02668889415359,1.497956516597836,24.160407701615576,1.5017,4.816,974.766,23.010844994783934,87.51386215884716
4.02686504438333,1.497190346696356,24.15719466239249,1.5017,4.816,978.36,23.09624261023478,87.51386215884716
4.027240803208097,1.4986532783879505,24.15126248397918,1.5017,4.816,981.891,23.180225253343597,87.51386215884716
4.027443672033539,1.496119544643166,24.14656548810527,1.5017,4.829,985.422,23.26406590920301,87.51386215884716
4.027879846187631,1.4978887101125735,24.137648476368074,1.5017,4.829,989.016,23.34950335831334,87.51386215884716
4.028061738049345,1.497406859331763,24.14265987500036,1.5017,4.829,992.547,23.433416153667334,87.51386215884716
4.028341723488747,1.4960379697895525,24.140016352456744,1.5017,4.816,996.079,23.517275981047618,87.51386215884716
4.028689060498343,1.4995153721628351,24.135905126058145,1.5017,4.829,999.657,23.602425443678214,87.51386215884716
4.029005470076627,1.498155690311788,24.145578163415056,1.5017,4.829,1003.188,23.68638020257764,87.51386215884716
4.029429846338269,1.4976993602116966,24.137766380176732,1.5017,4.829,1006.719,23.77030938931273,87.51386215884716
4.029654548520477,1.4949764379108472,24.1233107649256,1.5017,4.829,1010.297,23.855201110129098,87.51386215884716
4.029964684008245,1.496657977591873,24.14561796873679,1.5017,4.829,1013.829,23.93909569180595,87.51386215884716
4.030425787738744,1.4954235272695884,24.142234424321448,1.5017,4.829,1017.375,24.023253340550042,87.51386215884716
4.0305869241527175,1.4974828442501056,24.143267605674477,1.5017,4.829,1020.922,24.107550646865068,87.51386215884716
4.030869800193412,1.4959531750140216,24.157081621140467,1.5017,4.829,1024.438,24.19102585667117,87.51386215884716
4.031190845166799,1.4989078745882376,24.14314380603018,1.5017,4.829,1027.969,24.27502276703055,87.51386215884716
4.031386204137209,1.4985902684484924,24.145691541790416,1.5017,4.829,1031.516,24.35938241320959,87.51386215884716
4.031922074102929,1.49590076345997,24.13400167197239,1.5017,4.829,1035.047,24.44321080884691,87.51386215884716
4.032142724995514,1.498036489313174,24.134961108200734,1.5017,4.829,1038.641,24.528656687073404,87.51386215884716
4.032420733884179,1.497646062025585,24.14591648155865,1.5017,4.829,1042.172,24.61258288704523,87.51386215884716
4.03268206268775,1.4967860510064996,24.142124627081184,1.5017,4.829,1045.704,24.696484647827603,87.51386215884716
4.033153966862638,1.495166845153699,24.137710431997643,1.5017,4.829,1049.297,24.781743116570507,87.51386215884716
4.033655533444857,1.495603317137721,24.138110642897168,1.5017,4.829,1052.829,24.865578579665197,87.51386215884716
4.033694480350615,1.4960863613727098,24.13728093588789,1.5017,4.829,1056.344,24.94903747772018,87.51386215884716
4.033946697817994,1.4952313154615495,24.12786739987735,1.5017,4.829,1059.938,25.03432335280587,87.51386215884716
4.034502142434404,1.4960325866928286,24.13509485637508,1.5017,4.829,1063.469,25.118159135651208,87.51386215884716
4.034599222773265,1.4966968254341615,24.13185995665765,1.5017,4.829,1067.0,25.202032141599418,87.51386215884716
4.034927771305518,1.497432139813614,24.132941047962568,1.5017,4.829,1070.579,25.287087073599558,87.51386215884716
4.035163754888819,1.4984534636205933,24.126004195892246,1.5017,4.829,1074.11,25.371058519340355,87.51386215884716
4.035664107231408,1.4948723594393285,24.126675536723976,1.5017,4.829,1077.641,25.45482928451099,87.51386215884716
4.035918960313416,1.4987251623843731,24.12976251262566,1.5017,4.829,1081.219,25.539933875352165,87.51386215884716
4.036176393421509,1.4979101569868507,24.128657644293813,1.5017,4.829,1084.75,25.62387487487316,87.51386215884716
4.036395062055103,1.498529608853595,24.12236451483881,1.5017,4.829,1088.282,25.707874370113505,87.51386215884716
4.036686411286088,1.497753253050273,24.11382739337657,1.5017,4.829,1091.86,25.792923771418742,87.51386215884716
4.037227122529787,1.4974846841835578,24.125744944748924,1.5017,4.829,1095.391,25.876840927979462,87.51386215884716
4.037260250490957,1.496365285432271,24.12093088309946,1.5017,4.829,1098.907,25.96033913382862,87.51386215884716
4.0375968154856965,1.496133941338727,24.12452923416739,1.5017,4.829,1102.438,26.044180596460727,87.51386215884716
4.038065876971643,1.4974257344636743,24.125631059307725,1.5017,4.829,1106.032,26.1295916380962,87.51386215884716
4.038272338100509,1.4970270225500526,24.13069420611791,1.5017,4.829,1109.563,26.213483147875117,87.51386215884716
4.0387389327818255,1.500109234144787,24.12987146497167,1.5017,4.829,1113.094,26.29754738091169,87.51386215884716
4.038916234941839,1.4979449872624455,24.12953426411353,1.5017,4.829,1116.688,26.38298803999089,87.51386215884716
4.0392842639313145,1.4962153916955756,24.133159183205,1.5017,4.829,1120.219,26.46683406699846,87.51386215884716
4.039546104989953,1.498197308017176,24.126142610007893,1.5017,4.841,1123.75,26.550791158101706,87.51386215884716
4.0396380590541465,1.4979583047220169,24.125925790791463,1.5017,4.829,1127.344,26.63623257678993,87.51386215884716
4.040321274734994,1.4988638015630786,24.121352373519684,1.5017,4.829,1130.875,26.72022701735246,87.51386215884716
4.04049005573359,1.4945304807711646,24.123644321744884,1.5017,4.841,1134.407,26.80400234302128,87.51386215884716
4.04087891019959,1.4973001963554124,24.129038732789112,1.5017,4.841,1137.985,26.88902601765854,87.51386215884716
4.0411707628462725,1.4989280160362002,24.128779082071947,1.5017,4.829,1141.516,26.973024056719314,87.51386215884716
4.04160176513391,1.4976163301737042,24.132118739146783,1.5017,4.841,1145.047,27.056948590555592,87.51386215884716
4.041928889246247,1.4996374195030664,24.12480531090715,1.5017,4.841,1148.625,27.142104983602255,87.51386215884716
4.042179569835832,1.4946612639435537,24.15037574845944,1.5017,4.841,1152.157,27.22588764027101,87.51386215884716
4.0425819696314615,1.4968837631795673,24.121009161935145,1.5017,4.841,1155.672,27.309391021236756,87.51386215884716
4.042877991653336,1.4955369988875489,24.123671010202717,1.5017,4.841,1159.204,27.393222766887693,87.51386215884716
4.043033215888453,1.4949073649056108,24.12473795512312,1.5017,4.841,1162.735,27.47699549372059,87.51386215884716
4.043365353330547,1.497802774039958,24.1211821760999,1.5017,4.841,1166.266,27.560930475636425,87.51386215884716
4.043691458657109,1.4991726343806726,24.11075155775926,1.5017,4.841,1169.844,27.646060476020406,87.51386215884716
4.044020845246999,1.4949026095980231,24.117542250564437,1.5017,4.841,1173.375,27.729832936371846,87.51386215884716
4.044449205459363,1.4971419919029307,24.11927275909545,1.5017,4.841,1176.907,27.813754649282927,87.51386215884716
4.044363807166827,1.4921889363409335,24.1237798503819,1.5017,4.841,1180.485,27.898488082785168,87.51386215884716
4.045015480391684,1.4976826718837075,24.12109121237617,1.5017,4.841,1184.016,27.982416334327365,87.51386215884716
4.045240271702295,1.4960051139420636,24.13012490947529,1.5017,4.841,1187.547,28.06625057763433,87.51386215884716
4.045488040880211,1.4965208644748538,24.13710929795479,1.5017,4.841,1191.125,28.151229998179854,87.51386215884716
4.045666978674427,1.4981979465259956,24.14511016025309,1.5017,4.841,1194.657,28.235210902217233,87.51386215884716
4.045910418320598,1.498917557722662,24.135734495698944,1.5017,4.841,1198.188,28.31920835520728,87.51386215884716
4.046284315945073,1.4943210954751625,24.130418005434827,1.5017,4.841,1201.719,28.40294822823933,87.51386215884716
4.046642298420039,1.498559539148851,24.131674413041555,1.5017,4.841,1205.313,28.488423940487152,87.51386215884716
4.047075203733137,1.4975106088633474,24.12840128405369,1.5017,4.841,1208.844,28.572342549834286,87.51386215884716
4.047253394875884,1.497513775977301,24.130524227134227,1.5017,4.841,1212.375,28.656261336662492,87.51386215884716
4.047569217396233,1.4949207430146108,24.129658989482717,1.5017,4.841,1215.969,28.741529497135975,87.51386215884716
4.047986769232518,1.4982684553789405,24.128601101420685,1.5017,4.841,1219.5,28.825490575247812,87.51386215884716
4.048320273758727,1.4971231956279802,24.123915711182192,1.5017,4.841,1223.032,28.909411234541,87.51386215884716
4.0486715116119765,1.494674719699882,24.147754422430783,1.5017,4.841,1226.547,28.992791384429097,87.51386215884716
4.048751346571044,1.4954972612512922,24.12934029959262,1.5017,4.841,1230.141,29.078092428685714,87.51386215884716
4.049347374912314,1.4953234778534663,24.12786442970029,1.5017,4.841,1233.672,29.161888473964375,87.51386215884716
4.049400894775488,1.498554625959133,24.118548226189827,1.5017,4.841,1237.204,29.245889371528854,87.51386215884716
4.049884078747459,1.498468314264608,24.12325688444141,1.5017,4.841,1240.782,29.330979377338238,87.51386215884716
4.050054410213092,1.499586133231805,24.12448148529048,1.5017,4.841,1244.329,29.415395083404043,87.51386215884716
4.050305570265785,1.4978249021253225,24.12149190361496,1.5017,4.841,1247.86,29.49933130534993,87.51386215884716
4.050546386527443,1.4965190480029524,24.129976929925263,1.5017,4.841,1251.438,29.58431062274773,87.51386215884716
4.050978867378981,1.4985605756512492,24.139733124607027,1.5017,4.841,1255.0,29.669025341060024,87.51386215884716
4.051326205084754,1.4976561923623155,24.13794989944084,1.5017,4.841,1258.532,29.75297587727816,87.51386215884716
4.051660684292681,1.4936745470735866,24.14704578429239,1.5017,4.841,1262.125,29.838149251137082,87.51386215884716
4.052253845647223,1.4986309000275984,24.151409254368904,1.5017,4.841,1265.657,29.922154424214842,87.51386215884716
4.052119288177467,1.4952965597113197,24.154741571299127,1.5017,4.841,1269.188,30.005948961034708,87.51386215884716
4.052428473259332,1.497090688922268,24.147291901894192,1.5017,4.841,1272.782,30.091340892147358,87.51386215884716
4.052940744339975,1.497092421777369,24.137374182183684,1.5017,4.841,1276.313,30.17523606681664,87.51386215884716
4.05304495321266,1.4963861519455022,24.13917253526882,1.5017,4.841,1279.86,30.259471637394597,87.51386215884716
4.0533533625913405,1.497539283218241,24.13046016846907,1.5017,4.854,1283.422,30.344128621303508,87.51386215884716
4.053553824936206,1.4960681267845704,24.12309939990306,1.5017,4.854,1286.954,30.427990139122436,87.51386215884716
4.053787122718452,1.496375423269229,24.13835992527977,1.5017,4.841,1290.547,30.513317524267425,87.51386215884716
4.054081666614745,1.4969464099165788,24.134995920772788,1.5017,4.841,1294.079,30.597228273906218,87.51386215884716
4.054354398902095,1.495528599356489,24.12616317133034,1.5017,4.841,1297.61,30.681035813935686,87.51386215884716
4.054832158646054,1.4966285158644752,24.11886015827808,1.5017,4.854,1301.188,30.7660213474282,87.51386215884716
4.055136353731377,1.496471147886207,24.12439177122219,1.5017,4.841,1304.719,30.849881706690724,87.51386215884716
4.05556509202829,1.4955783114129315,24.129293622999604,1.5017,4.854,1308.266,30.93407180176886,87.51386215884716
4.055820267917694,1.4970890505353738,24.13558488519461,1.5017,4.854,1311.844,31.01908348656364,87.51386215884716
4.056086063463707,1.498405065267917,24.130392052733264,1.5017,4.854,1315.375,31.103052220121686,87.51386215884716
4.056440178746617,1.4969258781361776,24.135444654740144,1.5017,4.854,1318.907,31.186961818859498,87.51386215884716
4.056604774275825,1.496527166296172,24.128751056194776,1.5017,4.854,1322.485,31.271941597251775,87.51386215884716
4.056959596406818,1.500451373683851,24.121647985862168,1.5017,4.854,1326.016,31.356025003357413,87.51386215884716
4.057071027720881,1.497573230490056,24.11688236424356,1.5017,4.854,1329.547,31.439947121941675,87.51386215884716
4.057575146998948,1.4958436923136451,24.11490223140534,1.5017,4.854,1333.125,31.524888089499846,87.51386215884716
4.057638364329986,1.495925463789621,24.111023578578607,1.5017,4.854,1336.657,31.608741610400003,87.51386215884716
4.05815482427469,1.494866857265205,24.101999986714333,1.5017,4.854,1340.188,31.69251206723572,87.51386215884716
4.058277973793175,1.4981348356995805,24.111740944966915,1.5017,4.854,1343.766,31.777583136579945,87.51386215884716
4.058823781354851,1.4923506500697263,24.121635675431044,1.5017,4.854,1347.297,31.861212588332005,87.51386215884716
4.058882182313253,1.4959085774916243,24.128988052433403,1.5017,4.854,1350.829,31.945065162677285,87.51386215884716
4.059219585434765,1.4970552269712738,24.124772519634774,1.5017,4.854,1354.36,32.02895825299645,87.51386215884716
4.059321470620178,1.4975389246667152,24.130764025239955,1.5017,4.854,1357.954,32.1143757508407,87.51386215884716
4.059917803750501,1.49690351015914,24.123462342778303,1.5017,4.854,1361.485,32.19826033914071,87.51386215884716
4.0601421893742256,1.4978548477104878,24.137160092051868,1.5017,4.854,1365.016,32.282198239199495,87.51386215884716
4.060339571762832,1.49673859395201,24.12105287837351,1.5017,4.854,1368.594,32.3671900234382,87.51386215884716
4.060520842375041,1.4992381937557704,24.11992122541909,1.5017,4.854,1372.141,32.4515861430622,87.51386215884716
4.061044126477877,1.495552738013645,24.115078138269524,1.5017,4.854,1375.672,32.53539503579162,87.51386215884716
4.061415976265011,1.4974754398945358,24.117864762567915,1.5017,4.854,1379.25,32.620428661572745,87.51386215884716
4.061632137309275,1.496481710897028,24.10331686329372,1.5017,4.854,1382.782,32.704313362688474,87.51386215884716
4.061879983362666,1.4974779218920915,24.102327403501853,1.5017,4.854,1386.313,32.78823014029889,87.51386215884716
4.06210513966222,1.4979783136728968,24.1083697288384,1.5017,4.854,1389.891,32.87329232159388,87.51386215884716
4.06250933498775,1.495398593100033,24.10928617502043,1.5017,4.854,1393.422,32.95709257623639,87.51386215884716
4.0626310028008605,1.497002911402162,24.10786530946884,1.5017,4.854,1396.985,33.04174299684385,87.51386215884716
4.063009236963417,1.49697206999379,24.121346764140696,1.5017,4.854,1400.532,33.126011550312654,87.51386215884716
4.063326187046909,1.4959462601111162,24.120474545623672,1.5017,4.854,1404.079,33.21022235820513,87.51386215884716
4.063513710701613,1.499530911935666,24.123414737438065,1.5017,4.854,1407.61,33.29425418279313,87.51386215884716
4.063830330330858,1.4974498442495878,24.121737374874805,1.5017,4.854,1411.141,33.37816938696781,87.51386215884716
4.06419087111409,1.4971141604548237,24.124213765637823,1.5023,4.854,1414.657,33.46170938055516,87.51386215884716
4.064326712450038,1.4987278092832526,24.125910836267845,1.5017,4.854,1418.188,33.54569620028153,87.51386215884716
4.064676198936651,1.4954224205017017,24.10588183723732,1.5017,4.854,1421.782,33.63099297572786,87.51386215884716
4.065331566719313,1.4941048007455928,24.1074636928878,1.5017,4.854,1425.313,33.71472072787555,87.51386215884716
4.065359200521198,1.4977489198908662,24.10565332381761,1.5017,4.854,1428.844,33.79865269187267,87.51386215884716
4.065692443830253,1.49629471151661,24.119234876632564,1.5017,4.854,1432.438,33.88399922156221,87.51386215884716
4.066113408175407,1.4909565980680304,24.121405713600044,1.5017,4.854,1435.969,33.96755055239504,87.51386215884716
4.066289193030613,1.496791830616742,24.104334788723715,1.5017,4.867,1439.5,34.051428882314084,87.51386215884716
4.0667220647460285,1.496692839631134,24.10719103829372,1.5017,4.854,1443.094,34.13679812066703,87.51386215884716
4.067060276990394,1.494143076481487,24.11176849251407,1.5017,4.854,1446.625,34.22052801773877,87.51386215884716
4.067064687367291,1.4947784751401754,24.11048584518843,1.5017,4.867,1450.172,34.30467308789822,87.51386215884716
4.067570148968856,1.497340762797658,24.100936930697365,1.5017,4.867,1453.75,34.389699066086905,87.51386215884716
4.067917909495777,1.4965370330535928,24.118613176651056,1.5017,4.867,1457.297,34.47394313016516,87.51386215884716
4.0680651368386185,1.4975331775782004,24.12059438050166,1.5017,4.867,1460.829,34.55788677083734,87.51386215884716
4.068537894818753,1.4965596956780578,24.108359402589528,1.5017,4.867,1464.407,34.64286839639934,87.51386215884716
4.0688268698941865,1.494002193587377,24.10582609509673,1.5017,4.867,1467.938,34.72659039857105,87.51386215884716
4.068837668499784,1.4949978983247654,24.10300107542956,1.5017,4.867,1471.485,34.81074782064723,87.51386215884716
4.069321121580878,1.4987570104913963,24.11736611124844,1.5017,4.867,1475.063,34.89585421997218,87.51386215884716
4.0696522949031895,1.495812558030886,24.11375213727583,1.5017,4.867,1478.594,34.97967767268829,87.51386215884716
4.0699964438457705,1.4959831948421018,24.111455700470263,1.5017,4.867,1482.125,35.063510687676484,87.51386215884716
4.070198258483341,1.496170246443108,24.117100167014424,1.5017,4.867,1485.672,35.14773410435743,87.51386215884716
4.070367816246413,1.4970481253711632,24.12272352150975,1.5017,4.867,1489.25,35.2327434652309,87.51386215884716
4.070836480475154,1.4964340928843896,24.116670052756923,1.5017,4.867,1492.782,35.31662549713742,87.51386215884716
4.071221014171299,1.4981212759180729,24.126848405956164,1.5017,4.867,1496.313,35.400578327497556,87.51386215884716
4.071476908260562,1.4970646194091872,24.124254093606837,1.5017,4.867,1499.907,35.48596877164213,87.51386215884716
4.0717562906508284,1.4968819669979347,24.12677380054109,1.5017,4.867,1503.438,35.569852152690515,87.51386215884716
4.071817599789266,1.49596236806984,24.132292806631536,1.5017,4.867,1507.094,35.65665170971599,87.51386215884716
4.072268368877366,1.500589051846822,24.136936482195058,1.5017,4.867,1510.641,35.74112387274758,87.51386215884716
4.0728810674769775,1.4950786892941006,24.13152524770608,1.5017,4.867,1514.188,35.82528584276307,87.51386215884716
4.072887103223145,1.4985282735081715,24.11611025467203,1.5017,4.867,1517.735,35.909641999081444,87.51386215884716
4.07335434212841,1.4938086099053751,24.11916762291309,1.5017,4.867,1521.313,35.99446740518778,87.51386215884716
4.073630491714784,1.4957267753991752,24.114749866556227,1.5017,4.867,1524.844,36.07828605075319,87.51386215884716
4.073791559530849,1.4966630773967868,24.12303711920607,1.5017,4.867,1528.391,36.162537210203965,87.51386215884716
4.07413925522439,1.5021517331841716,24.11951147100632,1.5017,4.867,1531.969,36.24783637768483,87.51386215884716
4.074338618292612,1.4978514442200386,24.11202732430384,1.5017,4.867,1535.516,36.33215443347601,87.51386215884716
4.074648173031531,1.495780447938142,24.128722179581207,1.5017,4.867,1539.047,36.415976086782955,87.51386215884716
4.075092428626434,1.4966861278608898,24.10504003252385,1.5017,4.867,1542.641,36.501344942306034,87.51386215884716
4.075312851178596,1.4962466895110982,24.08451581676405,1.5017,4.867,1546.172,36.58519272320378,87.51386215884716
4.075449514658042,1.4978900562194823,24.09060295605623,1.5017,4.867,1549.704,36.66915636856961,87.51386215884716
4.075987662283934,1.4946742316861397,24.09799350723296,1.5017,4.867,1553.297,36.75438674715651,87.51386215884716
4.0762782935932895,1.497067713979007,24.0931409823577,1.5017,4.867,1556.829,36.83830429644741,87.51386215884716
4.076901437104953,1.4981194383522114,24.098930875580724,1.5017,4.867,1560.36,36.922257023832664,87.51386215884716
4.076808909998072,1.495209878098532,24.10790856081613,1.5017,4.867,1563.954,37.00754167616155,87.51386215884716
4.077187520029561,1.496757355022471,24.114874408761583,1.5017,4.867,1567.485,37.091418074111694,87.51386215884716
4.07766290003409,1.497308985933701,24.101103622644573,1.5017,4.867,1571.016,37.175325384763674,87.51386215884716
4.077971777811889,1.497412365455831,24.10335974941968,1.5017,4.867,1574.61,37.26073566384989,87.51386215884716
4.078169130300723,1.496579864722518,24.100916241559528,1.5017,4.867,1578.141,37.34460211546707,87.51386215884716
4.078427154159406,1.4960246541409774,24.092217657886103,1.5017,4.867,1581.672,37.42843745378218,87.51386215884716
4.078742421736852,1.4991203281676793,24.09884509579808,1.5017,4.867,1585.219,37.51282693843763,87.51386215884716
4.07922167481361,1.497545583741302,24.09587431009951,1.5017,4.879,1588.797,37.59786454731287,87.51386215884716
4.079557674221576,1.495561367721499,24.07888116081005,1.5017,4.879,1592.329,37.681697658949325,87.51386215884716
4.079811014797879,1.495660129973609,24.070972345333917,1.5017,4.879,1595.86,37.765512569788996,87.51386215884716
4.079985551763858,1.4941423885012948,24.084430771218624,1.5017,4.867,1599.454,37.85073633402418,87.51386215884716
4.080502466305892,1.4969287906815207,24.09343446341714,1.5017,4.879,1602.985,37.93462233901283,87.51386215884716
4.080814504892335,1.4969539814920372,24.09968523996945,1.5017,4.867,1606.516,38.018509755662805,87.51386215884716
4.08117965028167,1.4950158859499856,24.096559522150542,1.5017,4.879,1610.141,38.10451886916651,87.51386215884716
4.081495424842095,1.4974512386461225,24.105063847146244,1.5017,4.879,1613.672,38.18843415148142,87.51386215884716
4.081753383622075,1.497493394498984,24.111624026011604,1.5017,4.879,1617.25,38.273468796808544,87.51386215884716
4.081989588426771,1.496268418433438,24.11015301375923,1.5017,4.879,1620.875,38.35954996921781,87.51386215884716
4.08237520522044,1.4972898397449526,24.10647206264081,1.5017,4.879,1624.407,38.44347996968225,87.51386215884716
4.082792553417472,1.4951332524359089,24.10689967397488,1.5017,4.879,1627.938,38.52726535496799,87.51386215884716
4.0831252166972005,1.4943067468735454,24.109718379665345,1.5017,4.879,1631.469,38.61100442392246,87.51386215884716
4.083214123855753,1.4960588742452048,24.11377863824052,1.5017,4.879,1635.063,38.6963375017883,87.51386215884716
4.083673121843279,1.4939700701861889,24.118517657924578,1.5017,4.879,1638.594,38.78005770380504,87.51386215884716
4.083874276844063,1.498373946183691,24.12898490047808,1.5017,4.879,1642.125,38.86402469348878,87.51386215884716
4.084139493930933,1.4992425711049404,24.103680913323263,1.5017,4.879,1645.719,38.94953936491133,87.51386215884716
4.0845057869572745,1.4974118202366598,24.097299979448408,1.5017,4.879,1649.25,39.033452438268185,87.51386215884716
4.084962813135357,1.4980724568173451,24.096387824880683,1.5017,4.879,1652.782,39.11742630802868,87.51386215884716
4.085467758212872,1.4981889911901736,24.09240772559517,1.5017,4.879,1656.375,39.202857107735326,87.51386215884716
4.085600396137239,1.4977125599305283,24.096647173298773,1.5017,4.879,1659.907,39.28681080361561,87.51386215884716
4.085816854170367,1.496409515715339,24.09435230014565,1.5017,4.879,1663.438,39.37066770908886,87.51386215884716
4.086252481801664,1.4957013097122858,24.106616509254387,1.5017,4.879,1666.969,39.45448492758924,87.51386215884716
4.086526706810141,1.4972528904878983,24.096175798199518,1.5017,4.879,1670.5,39.53838909472305,87.51386215884716
4.086856335437678,1.495203210989278,24.099398314813573,1.5017,4.879,1674.063,39.62293774839624,87.51386215884716
4.087175570314073,1.4990112384395733,24.105268782809365,1.5017,4.879,1677.657,39.70843922493141,87.51386215884716
4.087633458771152,1.4964618400145375,24.109278637723392,1.5017,4.879,1681.188,39.79229906259253,87.51386215884716
4.087915663935112,1.4953492997395386,24.103008778577493,1.5017,4.879,1684.735,39.87647626599229,87.51386215884716
4.088272826016619,1.4983403664995645,24.10644794453904,1.5017,4.879,1688.313,39.96155900633202,87.51386215884716
4.088430806530881,1.4998141223142842,24.100389427723982,1.5017,4.879,1691.844,40.045606701673115,87.51386215884716
4.088987307492425,1.4981161788350423,24.104726082832588,1.5017,4.879,1695.391,40.1299396600824,87.51386215884716
4.089585645327033,1.495473255739474,24.11184743253014,1.5017,4.879,1698.969,40.21485959252762,87.51386215884716
4.089761025206517,1.497052801372155,24.1049809942221,1.5017,4.879,1702.516,40.299132690581196,87.51386215884716
4.090042075835627,1.4982398752430774,24.11724424527173,1.5017,4.879,1706.047,40.3830921670982,87.51386215884716
4.090199060109168,1.4977171193001038,24.115739087332067,1.5017,4.879,1709.579,40.46704611855217,87.51386215884716
4.090877092186403,1.4953510243741104,24.103213804787,1.5017,4.879,1713.172,40.55231508969375,87.51386215884716
4.0911425615797326,1.4948244529380066,24.09712907317428,1.5017,4.879,1716.704,40.63610689385822,87.51386215884716
4.091447077998769,1.4944106623034887,24.10109331595805,1.5017,4.892,1720.235,40.719851786102566,87.51386215884716
4.091703607479002,1.4998503062682789,24.10530184055338,1.5017,4.879,1723.829,40.80540112187751,87.51386215884716
4.092137170872639,1.4965482675846105,24.10579196480127,1.5017,4.879,1727.36,40.88926580283085,87.51386215884716
4.092364241825793,1.4985828678266282,24.11654747098689,1.5017,4.879,1730.891,40.97324450022045,87.51386215884716
4.0926977593162,1.497403794294397,24.11793840889846,1.5017,4.892,1734.485,41.05865429041977,87.51386215884716
4.092930554989819,1.496585007504138,24.11218664859165,1.5017,4.892,1738.016,41.14252103023195,87.51386215884716
4.0936515943895335,1.4958486250872904,24.1131397816788,1.5017,4.892,1741.547,41.22634650410049,87.51386215884716
4.093840645681018,1.4975320260312528,24.11208462941791,1.5017,4.892,1745.141,41.311763608456346,87.51386215884716
4.094245688364333,1.4954517563494405,24.11578778443729,1.5017,4.892,1748.672,41.39556684230043,87.51386215884716
4.094446058973559,1.4962876798126097,24.10336183559816,1.5017,4.892,1752.204,41.47944066707908,87.51386215884716
4.094847742551535,1.4952460572451485,24.10551449169241,1.5017,4.892,1755.766,41.563968013257295,87.51386215884716
4.095457306875928,1.4955946614723703,24.105040611891283,1.5017,4.892,1759.329,41.648538802123255,87.51386215884716
4.095757740866075,1.497592496315013,24.10071370073634,1.5017,4.892,1762.86,41.73246200034009,87.51386215884716
4.096070501674631,1.4981046925566175,24.10806810132921,1.5017,4.892,1766.391,41.816413901389524,87.51386215884716
4.096377509802611,1.4968175639298535,24.08696066670156,1.5017,4.892,1769.985,41.9017902538397,87.51386215884716
4.096552533494145,1.498497658404877,24.07790941766852,1.5017,4.892,1773.516,41.985764176200576,87.51386215884716
4.09723386187771,1.4957342065670944,24.08516882146861,1.5017,4.892,1777.047,42.069583238199286,87.51386215884716
4.0974113570558925,1.498685957283704,24.08496882751077,1.5017,4.892,1780.641,42.15506616115835,87.51386215884716
4.097791284397687,1.4965049590559054,24.090022123081337,1.5017,4.892,1784.172,42.23892841515626,87.51386215884716
4.098022444369369,1.49932066119776,24.107224027662628,1.5017,4.892,1787.704,42.32297225252854,87.51386215884716
4.098453674166658,1.4983619661869825,24.091451970732447,1.5017,4.892,1791.297,42.408412915738644,87.51386215884716
4.098971087691973,1.4954026925021802,24.091219723877,1.5017,4.892,1794.829,42.49223713289731,87.51386215884716
4.0992083291505335,1.4975893694342557,24.09639681098788,1.5017,4.892,1798.36,42.576160155887685,87.51386215884716
4.099551948153732,1.4969553399231927,24.08828993026179,1.5017,4.892,1801.938,42.66116424797152,87.51386215884716
4.10003544037758,1.4950746197689455,24.09578506983376,1.5017,4.892,1805.469,42.74494634755641,87.51386215884716
4.1001664705228045,1.4961964660801863,24.094240487718967,1.5017,4.892,1809.0,42.828791313996305,87.51386215884716
4.100526937942591,1.4950028400841575,24.10011965837948,1.5017,4.892,1812.579,42.91370826049593,87.51386215884716
4.101110109768063,1.4949331422797552,24.096772710735188,1.5017,4.892,1816.125,42.99783831194269,87.51386215884716
4.101576433526857,1.4982653390269018,24.109779447240246,1.5017,4.892,1819.641,43.08144254208131,87.51386215884716
4.101714619083219,1.4945287973785883,24.10322520869516,1.5017,4.892,1823.235,43.1666883465312,87.51386215884716
4.102143529602164,1.4999280288275452,24.10345181304366,1.5017,4.892,1826.75,43.250361551287156,87.51386215884716
4.102959498370599,1.4953812282975585,24.10051201827284,1.5017,4.892,1830.297,43.33454055203068,87.51386215884716
4.103061154648652,1.4964046710091743,24.105161440174804,1.5017,4.892,1833.829,43.41842093470542,87.51386215884716
4.103280752591488,1.496935286285417,24.097948229230667,1.5017,4.892,1837.407,43.50342388805036,87.51386215884716
4.103498367332638,1.4941359845746378,24.084294789891494,1.5017,4.892,1840.938,43.587153387700575,87.51386215884716
4.104126282497732,1.498901100208912,24.090870194653014,1.5017,4.905,1844.485,43.67153053142906,87.51386215884716
4.10457724565288,1.4958628759741517,24.086740063708977,1.5017,4.892,1848.016,43.755356803899375,87.51386215884716
4.104781809955291,1.4969078430974432,24.086653037082804,1.5017,4.892,1851.579,43.840001848717705,87.51386215884716
4.105156084005738,1.4980153528819704,24.099027084665607,1.5017,4.892,1855.11,43.92394874328424,87.51386215884716
4.105831777834301,1.4997294991327266,24.088083284659845,1.5017,4.905,1858.641,44.00799169644878,87.51386215884716
4.106038802430309,1.495795563689854,24.07546497192929,1.5017,4.892,1862.235,44.09330975545371,87.51386215884716
4.106287795551928,1.496320145071023,24.09144121558493,1.5017,4.905,1865.766,44.17716165270857,87.51386215884716
4.106645133149662,1.4964243111002002,24.103982088668484,1.5017,4.905,1869.297,44.261019387296564,87.51386215884716
4.107427806467653,1.4992116416787205,24.103991978620098,1.5017,4.905,1872.875,44.346151602696494,87.51386215884716
4.107655738495437,1.494507420899594,24.10135042371321,1.5023,4.905,1876.407,44.42992563575317,87.51386215884716
4.107971862169669,1.4983134976708978,24.0931193163983,1.5017,4.905,1879.954,44.5142697017664,87.51386215884716
4.108269022842017,1.496906739356025,24.09091234489878,1.5017,4.905,1883.532,44.59927103408381,87.51386215884716
4.108639502030362,1.4966862462952004,24.088044802261734,1.5017,4.905,1887.063,44.683143447190396,87.51386215884716
4.10905542594674,1.4979739960608816,24.099646798881132,1.5017,4.905,1890.594,44.76708802417274,87.51386215884716
4.109395167562846,1.4951316186103936,24.0900654721944,1.5017,4.905,1894.172,44.851988556871554,87.51386215884716
4.109767057610728,1.4967355585949946,24.083452652480545,1.5017,4.905,1897.704,44.9358874873214,87.51386215884716
4.110228918429923,1.4973183602907256,24.082602481754066,1.5017,4.905,1901.235,45.019795323300535,87.51386215884716
4.110663547146416,1.4979853349087189,24.09739861831771,1.5017,4.905,1904.813,45.104857903293976,87.51386215884716
4.11099587025531,1.4969146197216283,24.10509057487512,1.5017,4.905,1908.36,45.18912322273361,87.51386215884716
4.111373180726388,1.4954509495848178,24.113022184863013,1.5017,4.905,1911.875,45.27254667446077,87.51386215884716
4.111824600374389,1.4941648841039976,24.119888742670906,1.5017,4.905,1915.407,45.3563015067504,87.51386215884716
4.112013363521269,1.4965043263383433,24.124839939970837,1.5017,4.905,1919.0,45.441636242298,87.51386215884716
4.112677346216834,1.497289297369697,24.11788335467224,1.5017,4.905,1922.532,45.52556621235981,87.51386215884716
4.113035700067607,1.49638798677023,24.113046316422636,1.5017,4.905,1926.079,45.60980188622496,87.51386215884716
4.113571563102681,1.498758047379934,24.106399671703095,1.5017,4.905,1929.625,45.694147191085904,87.51386215884716
4.11388341503806,1.4990468672061246,24.10451772387011,1.5017,4.905,1933.204,45.779293840449995,87.51386215884716
4.114336025456302,1.497173918332803,24.110631112527663,1.5017,4.905,1936.766,45.86393017001644,87.51386215884716
4.114501353707685,1.494456012131357,24.10925934218936,1.5017,4.905,1940.297,45.94767760360805,87.51386215884716
4.115003735254546,1.493566645795385,24.121277413025474,1.5017,4.905,1943.875,46.03248926986595,87.51386215884716
4.115549149383099,1.495572287054206,24.107715561484785,1.5017,4.905,1947.829,46.12633936713966,87.51386215884716
4.115952727116229,1.492605327577677,24.104497336566773,1.5017,4.905,1951.454,46.21220979985033,87.51386215884716
4.11617690575614,1.494621396719278,24.09535829364676,1.5017,4.905,1955.032,46.297081359775234,87.51386215884716
4.116793369962457,1.4950443513313798,24.103153286048112,1.5017,4.905,1958.594,46.38159730337157,87.51386215884716
4.117264076874935,1.4929229458742972,24.099682827098217,1.5017,4.905,1962.532,46.474902054308906,87.51386215884716
4.1176140533148855,1.4967955207315198,24.100858463070008,1.5017,4.917,1966.188,46.56174995297955,87.51386215884716
4.118245432097309,1.493325110369704,24.104324087556268,1.5017,4.905,1969.891,46.64951038104976,87.51386215884716
4.118518174603242,1.494877237570151,24.129367672338383,1.5017,4.917,1973.625,46.73809748325578,87.51386215884716
4.118894737972446,1.4934960517791835,24.13785614461552,1.5017,4.917,1977.297,46.82513317881505,87.51386215884716
4.119334505753891,1.494704842115457,24.13484785842152,1.5017,4.917,1981.016,46.913354239054655,87.51386215884716
4.119986223486962,1.491739759998447,24.11975519548236,1.5017,4.917,1984.735,47.00140029304506,87.51386215884716
4.120296990223993,1.4917937060362991,24.10672071115056,1.5017,4.917,1988.407,47.08833678188354,87.51386215884716
4.120830013816302,1.4921829215056568,24.106809206789418,1.5017,4.917,1992.125,47.17638531063624,87.51386215884716
4.1211126612343225,1.49514939344848,24.1150431174688,1.5017,4.917,1995.844,47.264632609360405,87.51386215884716
4.121597091605098,1.4935099177526527,24.106290782597384,1.5017,4.917,1999.5,47.35128986895535,87.51386215884716
4.122165732100758,1.4967309284544992,24.09450963540699,1.5017,4.917,2003.219,47.43963051366403,87.51386215884716
4.122340744865753,1.4935649355257552,24.089915603044084,1.5017,4.917,2006.954,47.52816355188118,87.51386215884716
4.122916940733987,1.4915782059143332,24.099679882782635,1.5017,4.917,2010.61,47.614708728622,87.51386215884716
4.123386481559366,1.4927826826895334,24.09811221275353,1.5017,4.917,2014.36,47.703550765916184,87.51386215884716
4.123732472075796,1.4928338851760747,24.090036508572915,1.5017,4.917,2018.047,47.79090325307375,87.51386215884716
4.124284350886347,1.4924022279680624,24.085133374171036,1.5017,4.917,2021.766,47.878988407510626,87.51386215884716
4.1246083008862735,1.4931627698681535,24.090702313440357,1.5017,4.917,2025.5,47.96747390958406,87.51386215884716
4.125268961915733,1.4907455009710653,24.09805047555629,1.5017,4.917,2029.157,48.05399442953634,87.51386215884716
4.125648811381148,1.491917783088252,24.10488834030127,1.5017,4.917,2032.875,48.1420273133924,87.51386215884716
4.125939226105845,1.4936400251852306,24.090608816860712,1.5017,4.917,2036.61,48.230564802648495,87.51386215884716
4.126279060538029,1.494677633199073,24.1067316687637,1.5017,4.917,2040.266,48.31728981607578,87.51386215884716
4.12703037285197,1.4912507521242664,24.115022479416805,1.5017,4.917,2043.985,48.40530700765007,87.51386215884716
4.12740411123193,1.4948992207669376,24.10736750335932,1.5017,4.917,2047.719,48.4938954125903,87.51386215884716
4.127896523140226,1.4926068470193763,24.10338706064669,1.5017,4.917,2051.391,48.580879288424526,87.51386215884716
4.128328987369874,1.4926022370720082,24.11145407712201,1.5017,4.917,2055.094,48.668597234338904,87.51386215884716
4.1287562077680455,1.4959215574235811,24.125718951168505,1.5017,4.917,2058.829,48.757269964437924,87.51386215884716
4.12939279720347,1.4919046825183466,24.12793406972361,1.5017,4.917,2062.5,48.84418924331971,87.51386215884716
4.129864189090762,1.4950254473548017,24.13986514439293,1.5023,4.93,2066.219,48.93242922644853,87.51386215884716
4.130190798470907,1.4921911178263267,24.129508529115466,1.5017,4.93,2069.954,49.02088082980337,87.51386215884716
4.130603888615034,1.4934950319559035,24.130443756753024,1.5017,4.917,2073.61,49.107537225686364,87.51386215884716
4.131069601690161,1.4905167914461197,24.12826963872647,1.5017,4.93,2077.329,49.19551109714328,87.51386215884716
4.131727102073467,1.4940536723429323,24.127995484691915,1.5017,4.917,2081.047,49.28367001240189,87.51386215884716
4.131994092220757,1.4945042453566175,24.132141282608316,1.5017,4.93,2084.813,49.372994003944655,87.51386215884716
4.132550373785538,1.493980877217913,24.137274070877385,1.5017,4.93,2088.5,49.460413606813205,87.51386215884716
4.133035444961026,1.4920892645178447,24.143212669510856,1.5017,4.93,2092.25,49.549214375754154,87.51386215884716
4.133442951921702,1.4925730506393329,24.137254679258746,1.5017,4.93,2095.938,49.63657528818192,87.51386215884716
4.133647404459514,1.4943364884105554,24.146105379839906,1.5017,4.93,2099.657,49.72477460730349,87.51386215884716
4.134229298129874,1.494623357085249,24.14524643159405,1.5017,4.93,2103.391,49.813346664436985,87.51386215884716
4.134885355280262,1.4934239311983146,24.13629225432351,1.5017,4.93,2107.063,49.90037815706253,87.51386215884716
4.135372470424516,1.4921247218592382,24.139664549905856,1.5017,4.93,2110.782,49.98844693242413,87.51386215884716
4.1359390233444735,1.4939880910785237,24.134382822859106,1.5017,4.93,2114.516,50.07698134340631,87.51386215884716
4.1364891877926135,1.4959831420842118,24.13061678753829,1.5017,4.93,2118.172,50.16378210579317,87.51386215884716
4.136811760580829,1.4939062260003255,24.12234162052482,1.5017,4.93,2121.875,50.25157668513837,87.51386215884716
4.137402391829718,1.4939553136272097,24.133220221783223,1.5017,4.93,2125.625,50.34048851083692,87.51386215884716
4.137753105088421,1.4914052265212046,24.14106686652302,1.5017,4.93,2129.297,50.427402360456,87.51386215884716
4.138296563965228,1.493662258087623,24.134292911209958,1.5017,4.93,2133.0,50.515182602180865,87.51386215884716
4.138608193960676,1.492865059673259,24.139503179839835,1.5017,4.93,2136.735,50.60367415433061,87.51386215884716
4.1395122504844295,1.4964613739525252,24.14297602239182,1.5017,4.93,2140.407,50.69088265843371,87.51386215884716
4.139694183280169,1.4916398396950514,24.157062837675188,1.5017,4.93,2144.125,50.77889914181601,87.51386215884716
4.140370400922463,1.492779892290859,24.16161053688846,1.5017,4.93,2147.844,50.86700658690588,87.51386215884716
4.140509155448925,1.4904818530249886,24.15381441485029,1.5017,4.93,2151.516,50.95386662556616,87.51386215884716
4.141262817302981,1.493528213880753,24.14986582776817,1.5017,4.93,2155.219,51.04163898971844,87.51386215884716
4.141603501171344,1.4935449643503818,24.145772699111653,1.5017,4.93,2158.954,51.13017084411775,87.51386215884716
4.142261144112469,1.491324786277263,24.155805669458875,1.5017,4.93,2162.61,51.216701316804034,87.51386215884716
4.142436453927759,1.4918214332517887,24.167989004202106,1.5017,4.943,2166.297,51.3039945608036,87.51386215884716
4.143195904496081,1.4922075072909355,24.180624907821016,1.5017,4.93,2170.032,51.39244713566564,87.51386215884716
4.14360472417867,1.492708331676028,24.17619438786033,1.5017,4.943,2173.704,51.47943692566862,87.51386215884716
4.1442704465815705,1.4913394249292204,24.17785419712487,1.5017,4.943,2177.407,51.567080658048745,87.51386215884716
4.144558618132431,1.4931027795156773,24.16242007086208,1.5017,4.943,2181.141,51.65556260506672,87.51386215884716
4.145349281463369,1.4929066624125062,24.156094977766056,1.5017,4.943,2184.813,51.74256395308726,87.51386215884716
4.1457590059517,1.4947874501544745,24.1537682736092,1.5017,4.943,2188.516,51.83041032062544,87.51386215884716
4.146092210141613,1.4917486342015993,24.149442735567757,1.5017,4.943,2192.25,51.91881202037874,87.51386215884716
4.146745910179251,1.4927098551580962,24.150906986383703,1.5017,4.943,2195.922,52.00580189916488,87.51386215884716
4.147185394473484,1.4934595659511505,24.154313010401435,1.5017,4.943,2199.579,52.09247993917213,87.51386215884716
4.14776790204776,1.4924007170041254,24.14608892828874,1.5017,4.943,2203.329,52.181299244015,87.51386215884716
4.148274966267326,1.492600461110131,24.1434039423441,1.5017,4.943,2206.985,52.26790373461295,87.51386215884716
4.148843230265692,1.4915765375268593,24.15470545602089,1.5017,4.943,2210.704,52.3559401548221,87.51386215884716
4.149137108475134,1.4929509337499276,24.1597982638206,1.5017,4.943,2214.438,52.44441310339122,87.51386215884716
4.149773591857792,1.4930162536881235,24.158193007769437,1.5017,4.943,2218.11,52.53142083800575,87.51386215884716
4.15021187268682,1.4932045164853325,24.1633518669596,1.5017,4.943,2221.813,52.6191741789582,87.51386215884716
4.150799270685793,1.494201155948693,24.18234851249628,1.5017,4.943,2225.547,52.70772121626109,87.51386215884716
4.151545540265315,1.4913173826825004,24.16414443259133,1.5017,4.943,2229.219,52.794629946650296,87.51386215884716
4.151763659326802,1.4921419610189168,24.16170595663936,1.5017,4.943,2232.922,52.882320842846454,87.51386215884716
4.1522536194908,1.4920955662376536,24.165818736533694,1.5017,4.943,2236.657,52.97076678225441,87.51386215884716
4.152866476892327,1.4908413440815684,24.173466037619185,1.5017,4.943,2240.329,53.057647770788726,87.51386215884716
4.153557777597012,1.4919077994503034,24.178542738981545,1.5017,4.943,2244.047,53.14568006554501,87.51386215884716
4.153898023269313,1.493623819704814,24.17045620866002,1.5017,4.943,2247.782,53.2342165941998,87.51386215884716
4.154296564434161,1.4941709648276795,24.17090604332664,1.5017,4.943,2251.438,53.32091220943423,87.51386215884716
4.155065480512484,1.4929853133579627,24.16966961207736,1.5017,4.943,2255.141,53.40865266815483,87.51386215884716
4.155290512509541,1.4934641087334608,24.1666955574312,1.5017,4.943,2258.875,53.49715602770592,87.51386215884716
4.1560272653673165,1.493435052143399,24.171781317648435,1.5017,4.955,2262.532,53.5838326449704,87.51386215884716
4.156573665845217,1.4910313015220549,24.17591120968413,1.5017,4.943,2266.25,53.671813220629815,87.51386215884716
4.157043488029214,1.4918576663287355,24.1719001241759,1.5017,4.943,2269.922,53.758753436849126,87.51386215884716
4.157556552311225,1.494150107245075,24.164025237122715,1.5017,4.943,2273.594,53.84582724845989,87.51386215884716
4.1581559326393815,1.4904693580914024,24.160963903166877,1.5017,4.955,2277.313,53.9337983202866,87.51386215884716
4.158594468396679,1.493060106091208,24.17057029724391,1.5017,4.955,2281.047,54.0222777384581,87.51386215884716
4.159440905285488,1.4936805394773869,24.164936820282,1.5017,4.955,2284.735,54.109703472661494,87.51386215884716
4.159597000475461,1.4931135000270794,24.15440323828629,1.5017,4.955,2288.454,54.1978306080791,87.51386215884716
4.160258053982442,1.4928745273158657,24.16553048219218,1.5017,4.955,2292.188,54.28629902876831,87.51386215884716
4.160758104838322,1.4923575912453502,24.17620903617404,1.5017,4.955,2295.86,54.373268378852956,87.51386215884716
4.161085549298779,1.4909606355718616,24.176389456842845,1.5017,4.955,2299.579,54.46126844705338,87.51386215884716
4.161824113242795,1.4926171560649206,24.175236476147862,1.5017,4.955,2303.313,54.54972161580568,87.51386215884716
4.162262567762161,1.4944140765741964,24.184025954974683,1.5017,4.955,2306.969,54.636431337004524,87.51386215884716
4.162924534787617,1.4921110286095105,24.178465169397477,1.5017,4.955,2310.688,54.72449930415772,87.51386215884716
4.163441912889346,1.493797957601422,24.16958607852712,1.5017,4.955,2314.422,54.81302244774392,87.51386215884716
4.164053519812777,1.4927707538376005,24.163279512418487,1.5017,4.955,2318.094,54.90001587549087,87.51386215884716
4.16464575846067,1.491330192412399,24.163447970457117,1.5017,4.955,2321.813,54.988037755821274,87.51386215884716
4.164962527891048,1.492181521332297,24.165456911326466,1.5017,4.955,2325.532,55.076109883623815,87.51386215884716
4.165756744700714,1.4950916823173968,24.15484806820206,1.5017,4.955,2329.688,55.174722848702054,87.51386215884716
4.166336636209994,1.4927460947417142,24.16669573877253,1.5017,4.955,2333.516,55.265410577570705,87.51386215884716
4.166859772516461,1.489842927115442,24.162002930535493,1.5017,4.955,2337.344,55.35592193238654,87.51386215884716
4.167308536155142,1.491449439805554,24.164796257110684,1.5017,4.955,2341.172,55.446530886511326,87.51386215884716
4.167878002136744,1.493060146674362,24.158867367279505,1.5017,4.955,2345.0,55.53723769475095,87.51386215884716
4.168577155208635,1.494155366107578,24.16123455601932,1.5017,4.968,2348.829,55.62803475306348,87.51386215884716
4.1690394108326485,1.492223703429204,24.159326282724884,1.5017,4.968,2352.672,55.719045980548756,87.51386215884716
4.169851404748639,1.4924296936849888,24.16931128153777,1.5017,4.955,2356.5,55.80971448733179,87.51386215884716
4.170234921608039,1.4929014783988233,24.181252095277767,1.5017,4.968,2360.329,55.900435349207186,87.51386215884716
4.170844581259856,1.4924472882165851,24.18299297295434,1.5017,4.968,2364.157,55.991104924898124,87.51386215884716
4.171357669039249,1.4925761690283694,24.18595411078778,1.5017,4.968,2367.969,56.08140332347272,87.51386215884716
4.172026917844297,1.4916746292714806,24.18958416338551,1.5017,4.968,2371.797,56.17202595837101,87.51386215884716
4.172672967399121,1.492778527514716,24.18356950627004,1.5017,4.968,2375.657,56.26347377421259,87.51386215884716
4.172992518886552,1.4947972466779484,24.180981500067528,1.5017,4.968,2379.469,56.353906544324815,87.51386215884716
4.173797220649469,1.4926015156548476,24.174644000235237,1.5017,4.968,2383.313,56.444964503040026,87.51386215884716
4.174306813464799,1.4934644062791833,24.17620791220916,1.5017,4.968,2387.125,56.53531663850456,87.51386215884716
4.1747122464874495,1.4947439739036912,24.190421203105934,1.5017,4.968,2390.954,56.626149465424305,87.51386215884716
4.175380273158859,1.491982475889323,24.185853785614903,1.5017,4.968,2394.782,56.71679080270654,87.51386215884716
4.175903463094228,1.494235189179694,24.17176090228509,1.5017,4.968,2398.61,56.80756899745758,87.51386215884716
4.176700960644331,1.4932030771988596,24.16177182494226,1.5017,4.968,2402.454,56.89866365516154,87.51386215884716
4.177097558710857,1.4932590629857396,24.16852371654436,1.5017,4.968,2406.282,56.98938254802064,87.51386215884716
4.1776574114258205,1.49257308185414,24.1693436167311,1.5017,4.968,2410.125,57.080415084213996,87.51386215884716
4.1784232386811455,1.4929179884543209,24.184395671907044,1.5017,4.968,2413.954,57.171136949374954,87.51386215884716
4.178997048872854,1.4897648832891028,24.1789564728535,1.5017,4.968,2417.797,57.26199821258972,87.51386215884716
4.179540904775943,1.493154736886388,24.18548893355096,1.5017,4.968,2421.641,57.35308992123451,87.51386215884716
4.180036987433772,1.494397003305709,24.203215336635168,1.5017,4.968,2425.469,57.44387794656266,87.51386215884716
4.180635036521457,1.495125060485896,24.20688573036471,1.5017,4.968,2429.297,57.53471020302455,87.51386215884716
4.181247145489174,1.494139640528322,24.199560544759105,1.5017,4.968,2433.157,57.626241400834665,87.51386215884716
4.181807496569357,1.491808434322286,24.220246682296168,1.5017,4.981,2437.016,57.71760611288707,87.51386215884716
4.182530284634425,1.4931037250955703,24.218797056509292,1.5017,4.968,2440.844,57.80831556861514,87.51386215884716
4.18306342790198,1.492890657357005,24.20534905257846,1.5017,4.981,2444.672,57.89901207999228,87.51386215884716
4.1836512802520405,1.4939803478243394,24.208718624157655,1.5017,4.981,2448.5,57.98977479254992,87.51386215884716
4.184242628726788,1.4934238120041727,24.22178779229052,1.5017,4.981,2452.344,58.080882916447365,87.51386215884716
4.184899790322331,1.4936435930529293,24.21981062704845,1.5017,4.981,2456.204,58.172383726321584,87.51386215884716
4.185467097039098,1.4903128736357074,24.225737617249194,1.5017,4.981,2460.063,58.263656843858,87.51386215884716
4.185910378902183,1.4916253137023547,24.210490775973152,1.5017,4.981,2463.891,58.35427648272301,87.51386215884716
4.186564095942099,1.4950925654137317,24.21755741248269,1.5017,4.981,2467.719,58.445106765035185,87.51386215884716
4.187278674139206,1.493129263082636,24.20790381390712,1.5017,4.981,2471.547,58.535817772254205,87.51386215884716
4.187869510692892,1.4915415976608128,24.196235830494118,1.5017,4.981,2475.375,58.62643232517881,87.51386215884716
4.188420534527992,1.494199914724677,24.210432501127613,1.5017,4.981,2479.204,58.717232090628414,87.51386215884716
4.188871543754656,1.4931915232749684,24.203542645744232,1.5017,4.981,2483.032,58.80794688029608,87.51386215884716
4.189595325830715,1.4914213519556008,24.208834480967145,1.5017,4.981,2486.86,58.89855412801993,87.51386215884716
4.190365897931283,1.4934760182303457,24.21132912312026,1.5017,4.981,2490.719,58.99002097002418,87.51386215884716
4.19067578826754,1.493107242353014,24.2052575367034,1.5017,4.981,2494.547,59.080730639433675,87.51386215884716
4.191209785820749,1.4930004717798089,24.23146079525129,1.5017,4.981,2498.391,59.17181293694927,87.51386215884716
4.192150432913834,1.4931101498149446,24.207824997545146,1.5017,4.981,2502.219,59.26252278299371,87.51386215884716
4.192649015025946,1.4944929494420471,24.21039808446656,1.5017,4.981,2506.079,59.35407562455598,87.51386215884716
4.193000435324221,1.4951562516169523,24.213294114832244,1.5017,4.981,2509.907,59.444909775950194,87.51386215884716
4.193637949479585,1.4943057420657346,24.2138381221224,1.5017,4.981,2513.735,59.535692256949936,87.51386215884716
4.19426508875726,1.494502162769997,24.20877224238568,1.5017,4.981,2517.594,59.62722194442297,87.51386215884716
4.194981003735764,1.490527226591909,24.21429078385257,1.5017,4.981,2521.407,59.717420040771394,87.51386215884716
4.195593346877803,1.49210448017248,24.210951038950128,1.5017,4.981,2525.235,59.808068790092015,87.51386215884716
4.196164976064734,1.4964176353830607,24.21273551056126,1.5017,4.993,2529.047,59.89859959105064,87.51386215884716
4.19681530122878,1.4933712081540254,24.21922045228248,1.5017,4.993,2532.875,59.98932529698441,87.51386215884716
4.197319616435702,1.4922307845500715,24.218506576227316,1.5012,4.993,2536.719,60.08036063880068,87.51386215884716
4.197790928531816,1.491585941402384,24.222466794867508,1.5007,4.993,2540.563,60.17135664118166,87.51386215884716
4.1981488876395145,1.4893347908786092,24.21083438619169,1.499,4.993,2544.375,60.26145894171976,87.51386215884716
4.198549490567209,1.4893857099499088,24.22086295428917,1.4985,4.993,2548.204,60.35196615684858,87.51386215884716
4.199212777069054,1.4870477660957393,24.231112977482987,1.498,4.993,2552.016,60.441930096156135,87.51386215884716
4.199579977993788,1.4868688360937976,24.229832340924208,1.4963,4.993,2555.844,60.53226076816117,87.51386215884716
4.200158525411649,1.487317142333183,24.22704585510547,1.4963,4.993,2559.672,60.62261867579244,87.51386215884716
4.192902470332317,1.424738476126592,24.23601552608914,1.436,4.955,2563.829,60.716613909156294,87.51386215884716
4.193021809860428,1.4290967788349618,24.24246729540784,1.436,4.955,2567.829,60.80733583998219,87.51386215884716
4.193341746959911,1.4282603327428416,24.235506822251004,1.4365,4.955,2571.766,60.89657663743504,87.51386215884716
4.193629714798005,1.4281818704259426,24.2491748860044,1.4354,4.955,2575.735,60.98653784319732,87.51386215884716
4.193793977130361,1.4254138087339354,24.24115622269857,1.4354,4.955,2579.704,61.07632468869596,87.51386215884716
4.194207845046363,1.422672897688189,24.242358794021328,1.4349,4.955,2583.688,61.16627756213809,87.51386215884716
4.1944182119841855,1.424052425341234,24.234991146029007,1.4333,4.955,2587.61,61.25491643403302,87.51386215884716
4.194897602274027,1.4222483133154085,24.239460615682034,1.4338,4.955,2591.532,61.34344301058553,87.51386215884716
4.19506545079097,1.4235411455934242,24.249184656957784,1.4327,4.955,2595.563,61.4345126203392,87.51386215884716
4.195503813266514,1.4240976921058268,24.242189391714444,1.4317,4.955,2599.485,61.52315430982348,87.51386215884716
4.195860050175431,1.4215177118195554,24.251176331427377,1.4317,4.955,2603.469,61.613034143083,87.51386215884716
4.195991887862197,1.4207312844423816,24.24202003441239,1.4306,4.955,2607.407,61.701827057017454,87.51386215884716
4.196418146259216,1.4206100124663217,24.223432480265878,1.4295,4.955,2611.422,61.79234841778863,87.51386215884716
4.196883972128736,1.4194030546597594,24.227739158158524,1.4295,4.955,2615.344,61.880697893756206,87.51386215884716
4.194852319629939,1.4007308661488629,24.22452130818749,1.4085,4.943,2619.313,61.96892996018736,87.51386215884716
4.19508648755753,1.3982018802256175,24.22789703272328,1.4079,4.943,2623.235,62.055959787979596,87.51386215884716
4.195133966592122,1.3986121180690132,24.21858981580787,1.4085,4.943,2627.157,62.143015150660155,87.51386215884716
4.1957433904972055,1.395695699819494,24.234395825570815,1.4074,4.943,2631.172,62.23194896983747,87.51386215884716
4.1960336985069375,1.3997217166851372,24.238703463972094,1.4074,4.943,2635.125,62.3197620413511,87.51386215884716
4.196310973408131,1.395071247893087,24.23859875064716,1.4063,4.943,2639.11,62.40799185599786,87.51386215884716
4.196647940734617,1.397497750315401,24.23347783889125,1.4058,4.943,2643.032,62.494977855852454,87.51386215884716
4.197152637062985,1.3968868568956694,24.21097617363535,1.4053,4.943,2646.985,62.582613079339254,87.51386215884716
4.197408375866629,1.395513044265131,24.21066669896232,1.4042,4.943,2650.985,62.671203047313085,87.51386215884716
4.197756548730529,1.3951692577239263,24.206287278152555,1.4036,4.943,2654.922,62.758376242763994,87.51386215884716
4.19573725931578,1.3756373986599628,24.216314268772305,1.3826,4.93,2658.907,62.84537698404385,87.51386215884716
4.19606270317111,1.3745119569526385,24.219119149682896,1.3821,4.93,2662.829,62.930932253711106,87.51386215884716
4.196236831587797,1.3724099852556524,24.214927367106487,1.3826,4.93,2666.813,63.017707099787835,87.51386215884716
4.196537536221051,1.3720492119912024,24.211682461322837,1.3815,4.93,2670.735,63.10310907809357,87.51386215884716
4.196805827405217,1.3736446761512051,24.21251353082698,1.381,4.93,2674.688,63.18928617797229,87.51386215884716
4.197298487554558,1.3735094839807251,24.22110505938175,1.3799,4.93,2678.704,63.276828088343116,87.51386215884716
4.197549962281924,1.371804751675054,24.22915764942768,1.3794,4.93,2682.625,63.36219307920522,87.51386215884716
4.198019040103314,1.3711343349324163,24.228022518243368,1.3788,4.93,2686.61,63.44890902895302,87.51386215884716
4.1956772591859,1.3522041308748858,24.224866275266677,1.3594,4.917,2690.532,63.53307576790132,87.51386215884716
4.196014620645717,1.3491154717611715,24.23177471574239,1.3584,4.917,2694.454,63.61705025602051,87.51386215884716
4.196251585669315,1.3513999903384732,24.22142428427733,1.3589,4.917,2698.454,63.702839838823685,87.51386215884716
4.196534249966744,1.349189365505055,24.220500625399527,1.3573,4.917,2702.391,63.787140111072624,87.51386215884716
4.196970783049911,1.3496466443254762,24.23552744127565,1.3567,4.917,2706.375,63.87247567484551,87.51386215884716
4.197299591304542,1.3480835989570537,24.236091958346037,1.3567,4.917,2710.313,63.95672825116968,87.51386215884716
4.197569062289685,1.3486005307698683,24.231920470989287,1.3557,4.917,2714.329,64.04268256613265,87.51386215884716
4.195369019548147,1.3279814191206585,24.22337158802957,1.3363,4.905,2718.266,64.12565771998104,87.51386215884716
4.195805627786667,1.329641157290306,24.227124870571924,1.3357,4.905,2722.25,64.20972837525221,87.51386215884716
4.196074388467883,1.325655652740242,24.22259109089125,1.3341,4.905,2726.188,64.29257924900254,87.51386215884716
4.195941624529767,1.3225630333256466,24.22940877690168,1.3341,4.905,2730.172,64.37620236809711,87.51386215884716
4.196349028091724,1.3238682118767182,24.23494137120302,1.3341,4.905,2734.11,64.4589415303053,87.51386215884716
4.19684247187503,1.3252585987562755,24.232035951806196,1.3325,4.905,2738.047,64.54174655644303,87.51386215884716
4.197200936910854,1.3226085926641762,24.22284865758788,1.333,4.905,2741.969,64.6240711475368,87.51386215884716
4.197508484306384,1.3219314856863134,24.22441503650177,1.3325,4.905,2745.969,64.70799001053975,87.51386215884716
4.197520010421981,1.323323176507622,24.219458897525698,1.3309,4.905,2749.891,64.7903590802669,87.51386215884716
4.197976552875643,1.3228795858254312,24.21938351240794,1.3309,4.905,2753.813,64.87270053908806,87.51386215884716
4.198305961394345,1.3195154341054225,24.222180985187205,1.3293,4.905,2757.813,64.95646602628916,87.51386215884716
4.198863740133337,1.320017111155633,24.235084916382824,1.3298,4.905,2761.735,65.03862931292996,87.51386215884716
4.196670049491103,1.3003600643693478,24.238304198246443,1.3088,4.892,2765.766,65.12181853718802,87.51386215884716
4.196779035016315,1.2999013908558597,24.229695947389278,1.3082,4.892,2769.719,65.203369271477,87.51386215884716
4.197203737782995,1.3022422503681927,24.2335858572404,1.3088,4.892,2773.704,65.28572821375232,87.51386215884716
4.197334749256711,1.2974366423730197,24.242822007855157,1.3082,4.892,2777.641,65.36679486382691,87.51386215884716
4.197672228814003,1.2972059876707922,24.23032237249626,1.3066,4.892,2781.625,65.4488147056521,87.51386215884716
4.195292203402694,1.281390538551138,24.21812976886855,1.2867,4.867,2785.563,65.52889909673429,87.51386215884716
4.195689040527855,1.275850156468506,24.21603879208652,1.2861,4.879,2789.547,65.60956865039097,87.51386215884716
4.195919217536272,1.276506787379562,24.20109378138191,1.2861,4.879,2793.516,65.68997583951327,87.51386215884716
4.196089230047992,1.2786393426627582,24.204760223630203,1.2851,4.879,2797.5,65.77082174805317,87.51386215884716
4.196589607154087,1.274899045014681,24.209977432259688,1.2856,4.879,2801.454,65.85082416614054,87.51386215884716
4.196630638783714,1.2752047596813272,24.21149059435218,1.284,4.879,2805.469,65.9320802949129,87.51386215884716
4.196918674548156,1.276494454918147,24.223224620875293,1.2834,4.879,2809.391,66.01153455267097,87.51386215884716
4.197362044386633,1.2747958246692903,24.238059584569264,1.284,4.879,2813.375,66.09213744295403,87.51386215884716
4.197688815773691,1.273271160753823,24.230414385414832,1.2829,4.879,2817.313,66.17171438887621,87.51386215884716
4.195391992441746,1.2536519910388115,24.227863226380503,1.2619,4.867,2821.344,66.2519155112282,87.51386215884716
4.195707967250908,1.254927034932265,24.22523669307553,1.2619,4.867,2825.516,66.33500640456059,87.51386215884716
4.193408756039106,1.2307332581575527,24.24377587852509,1.2419,4.841,2829.672,66.4161828683472,87.51386215884716
4.193504534423205,1.23262570550324,24.237099446188573,1.2409,4.854,2833.657,66.49413898541982,87.51386215884716
4.193568257809235,1.2315814228848458,24.229613847282668,1.2414,4.854,2837.641,66.57200951212099,87.51386215884716
4.193897836499323,1.2329661917287935,24.222071790496333,1.2409,4.841,2841.61,66.64967407821645,87.51386215884716
4.194117475374089,1.235441746720468,24.23021514378929,1.2403,4.841,2845.532,66.7265730468025,87.51386215884716
4.194331442809451,1.2313702285615526,24.23930920114736,1.2392,4.854,2849.454,66.80321858737558,87.51386215884716
4.19201784735365,1.2116548394573663,24.24511904158977,1.2188,4.841,2853.485,66.8807329842914,87.51386215884716
4.19220172378622,1.2123601282802965,24.233341669788384,1.2188,4.841,2857.407,66.95619525814372,87.51386215884716
4.192332162759642,1.2102123206233557,24.22780524796752,1.2182,4.829,2861.391,67.03271465757281,87.51386215884716
4.192447303921221,1.2108889746239655,24.224767038469704,1.2188,4.841,2865.329,67.10839283942559,87.51386215884716
4.192756004369179,1.2096126272924916,24.215653067913845,1.2182,4.841,2869.266,67.18397205491868,87.51386215884716
4.190657634985457,1.1911078683112244,24.224956096453354,1.1983,4.829,2873.266,67.25958597220932,87.51386215884716
4.1883349115949295,1.1691937442212044,24.234057642023565,1.1789,4.816,2877.188,67.3323613930226,87.51386215884716
4.188248902586258,1.1702278112209257,24.234072928686743,1.1778,4.816,2881.188,67.40664980239588,87.51386215884716
4.188274925258362,1.169206139749624,24.2312862413673,1.1783,4.803,2885.11,67.47942599475776,87.51386215884716
4.185974895655996,1.1482026823888605,24.22322714537472,1.1584,4.791,2889.141,67.55288110388963,87.51386215884716
4.186147433998981,1.1498545289671025,24.213048434585247,1.1573,4.803,2893.094,67.62501848432665,87.51386215884716
4.18606196327732,1.1502153615202766,24.21466562892581,1.1573,4.803,2897.079,67.69776264581951,87.51386215884716
4.18619447290727,1.1488333409570772,24.221602607255463,1.1573,4.803,2901.016,67.76954423992888,87.51386215884716
4.1863239103952194,1.1498168652088534,24.214168543799875,1.1568,4.791,2905.016,67.84253692149727,87.51386215884716
4.186442371045072,1.149176041592049,24.21211753007,1.1562,4.791,2908.938,67.91406635828116,87.51386215884716
4.186816735943484,1.1462994670087032,24.214428868312822,1.1562,4.791,2912.938,67.98683574835461,87.51386215884716
4.184467353173815,1.1274428655697943,24.21714917460608,1.1358,4.791,2916.86,68.05701242299925,87.51386215884716
4.18691940116678,1.15066693046233,24.23130709120053,1.1557,4.803,2920.844,68.12976688183385,87.51386215884716
4.1872281458078415,1.1464392360891151,24.212902889216743,1.1552,4.791,2924.813,68.20198111319151,87.51386215884716
4.184963514977353,1.127244265636687,24.22295343276265,1.1347,4.791,2928.829,68.27382707976058,87.51386215884716
4.185169036135463,1.1258465338384591,24.22403235352266,1.1347,4.778,2932.766,68.34417240839987,87.51386215884716
4.1876659257211895,1.1491987569902586,24.21692301330044,1.1552,4.791,2936.75,68.41683403744713,87.51386215884716
4.185637578806423,1.1240067285189683,24.21588097795362,1.1336,4.791,2940.672,68.48679683280865,87.51386215884716
4.18810306330322,1.1459390346462577,24.22409244697133,1.1541,4.803,2944.704,68.5601253139854,87.51386215884716
4.188438723547956,1.1448090119046546,24.22217546771604,1.1525,4.791,2948.625,68.6313647602118,87.51386215884716
4.188862350838549,1.1448550685256476,24.215671170458336,1.153,4.803,2952.61,68.70376991560869,87.51386215884716
4.18667741555489,1.1246872664448475,24.223902133403357,1.1314,4.791,2956.563,68.77432840032857,87.51386215884716
4.1865830969906925,1.123409917923846,24.214875337380708,1.132,4.791,2960.547,68.84535945063877,87.51386215884716
4.186973572268484,1.1232749835769051,24.22925471345015,1.132,4.791,2964.485,68.91556193018832,87.51386215884716
4.187167359289751,1.1210900205246996,24.22437611230583,1.1309,4.791,2968.485,68.98673097401932,87.51386215884716
4.187370163786187,1.1256505779971393,24.21761462785908,1.1309,4.791,2972.422,69.05706405891347,87.51386215884716
4.185363007184639,1.1024814115491073,24.22192041929781,1.111,4.778,2976.438,69.12733174183883,87.51386215884716
4.187648539952925,1.125077226207245,24.21448592349954,1.1304,4.791,2980.36,69.19736116937327,87.51386215884716
4.188257174812308,1.120805667237479,24.218998382919143,1.1293,4.791,2984.36,69.26851216188709,87.51386215884716
4.188380035397948,1.1190733616138195,24.212676401058665,1.1293,4.791,2988.282,69.33816788422985,87.51386215884716
4.186322638623078,1.0972557198023396,24.22470616721632,1.1083,4.778,2992.313,69.40836371278859,87.51386215884716
4.183879409702341,1.081601433933397,24.22957697347744,1.0883,4.765,2996.235,69.47568702844589,87.51386215884716
4.183894939347431,1.0820678489059066,24.219912382032454,1.0889,4.753,3000.219,69.54410409917705,87.51386215884716
4.186470962069948,1.100595798543372,24.22195272491966,1.1083,4.778,3004.125,69.61233022998431,87.51386215884716
4.189066597281462,1.1207230147631118,24.225883283613424,1.1266,4.778,3008.063,69.68237321649691,87.51386215884716
4.1871118719559295,1.1013282069038948,24.21994670427217,1.1061,4.778,3012.016,69.75146624508967,87.51386215884716
4.185024738159616,1.078804770393763,24.218200108503144,1.0862,4.765,3016.063,69.82075563152517,87.51386215884716
4.187444002282535,1.098813535816423,24.21519569370003,1.1056,4.778,3020.047,69.89023149986036,87.51386215884716
4.187625952771336,1.099001212564745,24.216285840548373,1.1056,4.778,3023.969,69.95863784920495,87.51386215884716
4.188129864110607,1.0956080213682062,24.219789394648465,1.105,4.778,3027.938,70.0276502212887,87.51386215884716
4.188438988049295,1.0973488838473195,24.21457398223294,1.104,4.778,3031.875,70.09621495506553,87.51386215884716
4.186123879483868,1.079301162613548,24.2234612976218,1.0845,4.765,3035.875,70.16473115835218,87.51386215884716
4.186146957134238,1.0768886599995118,24.227801334726827,1.084,4.753,3039.797,70.23176113160328,87.51386215884716
4.186671747234414,1.0766533428481355,24.233008917011368,1.0829,4.765,3043.782,70.2998529405498,87.51386215884716
4.186568757690708,1.0745631748486866,24.231076693800524,1.0835,4.765,3047.735,70.36726683560771,87.51386215884716
4.18428960888093,1.0551997627697196,24.233858076770435,1.063,4.753,3051.75,70.43450423191855,87.51386215884716
4.187095894818041,1.0753781463435164,24.228789851535893,1.0819,4.765,3055.672,70.50144018459564,87.51386215884716
4.1872538868807405,1.0735667927934207,24.23493467329823,1.0824,4.765,3059.594,70.5682633911881,87.51386215884716
4.1874255134392575,1.075320221616576,24.2351375398346,1.0813,4.765,3063.579,70.63627088828363,87.51386215884716
4.1854125123184645,1.0541715308471054,24.245254264810526,1.0619,4.74,3067.516,70.70213780757574,87.51386215884716
4.18539655492951,1.0551834700478997,24.24776513577856,1.0614,4.74,3071.5,70.76885503069407,87.51386215884716
4.1882338157604,1.074279416498253,24.24508883963941,1.0797,4.753,3075.438,70.8359953835639,87.51386215884716
4.18874198714796,1.0737626592590923,24.24027037193452,1.0792,4.765,3079.454,70.90443264997721,87.51386215884716
4.1864438270243625,1.0531842032076106,24.23411117913546,1.0603,4.74,3083.407,70.97050531188628,87.51386215884716
4.186468399049954,1.0484404569139223,24.236155812100247,1.0592,4.74,3087.391,71.03679618724185,87.51386215884716
4.186537910998679,1.0515650784417767,24.234628466002547,1.0587,4.753,3091.313,71.10224991676647,87.51386215884716
4.186949679905109,1.0501969339193178,24.23402811436239,1.0587,4.74,3095.297,71.16865185078777,87.51386215884716
4.184686408815971,1.030788346882317,24.256103605887088,1.0382,4.727,3099.266,71.23358123022567,87.51386215884716
4.187546250464758,1.0506594830556832,24.256915438807745,1.0587,4.74,3103.204,71.29924538366197,87.51386215884716
4.185125831353996,1.0309233401022593,24.25272910329601,1.0377,4.727,3107.188,71.3644286853833,87.51386215884716
4.185220401119218,1.0287654526954504,24.24997120087107,1.0377,4.74,3111.141,71.42896941029414,87.51386215884716
4.185364404679797,1.0290290427798836,24.255490729686027,1.0371,4.727,3115.063,71.493020404398,87.51386215884716
4.18806370366531,1.0464166626209546,24.243269308763647,1.0571,4.753,3119.063,71.55944903364644,87.51386215884716
4.188592227131367,1.0465167488421956,24.252887663722355,1.0554,4.753,3123.0,71.62483766558799,87.51386215884716
4.186286232820287,1.029048470789508,24.243682677074982,1.0355,4.74,3126.938,71.68915117321731,87.51386215884716
4.189010674953047,1.0470656486452978,24.241795881052862,1.0554,4.753,3130.875,71.7545741016068,87.51386215884716
4.186865899262242,1.0266723245297011,24.247617955364152,1.035,4.74,3134.891,71.82001002153487,87.51386215884716
4.184544870786183,1.0051256994315836,24.248103497929804,1.0139,4.727,3138.875,71.8835621880106,87.51386215884716
4.186853787694236,1.0269154556093965,24.25325603088825,1.0344,4.74,3142.813,71.94774238638195,87.51386215884716
4.187420987079954,1.0250902348862414,24.2497244745088,1.0339,4.727,3146.797,72.01255687206964,87.51386215884716
4.187666177708662,1.0280352446520733,24.242428485892304,1.0328,4.727,3150.735,72.0768070550561,87.51386215884716
4.187967262968865,1.024307189143108,24.242526674763912,1.0323,4.74,3154.672,72.14080798562892,87.51386215884716
4.1881899160368885,1.026918952477288,24.247268876016623,1.0317,4.74,3158.657,72.20575439533464,87.51386215884716
4.188504849918341,1.025311908622878,24.25077607930235,1.0317,4.74,3162.594,72.26981810295557,87.51386215884716
4.188634518287876,1.0222863757080722,24.24579552947013,1.0306,4.727,3166.532,72.33370899292794,87.51386215884716
4.18903933738595,1.0230944733909364,24.249426502746022,1.0301,4.74,3170.563,72.39916043050756,87.51386215884716
4.189573820864287,1.0234807258733465,24.241991493383992,1.0306,4.74,3174.532,72.46362950274595,87.51386215884716
4.189791580542309,1.0245659483206708,24.24514351343392,1.0301,4.727,3178.469,72.52764660115236,87.51386215884716
4.189826741352895,1.0213831833617557,24.249722240080388,1.029,4.727,3182.454,72.59224290695926,87.51386215884716
4.190055234781219,1.022520903823457,24.243808211271524,1.0285,4.727,3186.407,72.65639187327257,87.51386215884716
4.190192503935089,1.01781978079067,24.23910948987584,1.0274,4.74,3190.344,72.71998745652776,87.51386215884716
4.188214073965661,0.999958445101258,24.22990546818316,1.008,4.715,3194.329,72.78322877728397,87.51386215884716
4.186016864816324,0.9798355966451616,24.22775423879038,0.9875,4.715,3198.282,72.84469983420487,87.51386215884716
4.18867493922865,1.0006114257428993,24.242178117970703,1.0075,4.715,3202.219,72.90722020218445,87.51386215884716
4.1862594971886296,0.977707387354908,24.23857265154943,0.9875,4.715,3206.235,72.96953529608876,87.51386215884716
4.18888712992334,0.998437954148322,24.234100534149874,1.0059,4.727,3210.188,73.03217339223632,87.51386215884716
4.186609151652671,0.976407362610307,24.235754145397905,0.9865,4.715,3214.11,73.09294899683594,87.51386215884716
4.189254732542092,0.997212858060078,24.2252407628203,1.0053,4.727,3218.094,73.15600084955747,87.51386215884716
4.187133149733744,0.97967598449834,24.2202397074306,0.9848,4.715,3222.063,73.21771066022433,87.51386215884716
4.189674205937104,0.9968278168987366,24.226050260845355,1.0042,4.715,3226.0,73.27999462013265,87.51386215884716
4.190072654863011,0.9967047731653864,24.227615770670152,1.0042,4.715,3229.985,73.34303016582736,87.51386215884716
4.187814416179428,0.9786933190431474,24.234962470052324,0.9838,4.715,3233.938,73.40442956071463,87.51386215884716
4.188147091737472,0.976427743368404,24.231614051679003,0.9843,4.715,3237.875,73.46543887986721,87.51386215884716
4.188378377526855,0.973262739699598,24.23538809511985,0.9832,4.702,3241.797,73.52601875022113,87.51386215884716
4.188295536952594,0.9723469436333996,24.23377982116365,0.9832,4.702,3245.86,73.58871747802083,87.51386215884716
4.1862443412237855,0.953729725773359,24.23257168518304,0.9622,4.689,3249.766,73.64783935465482,87.51386215884716
4.18886453136819,0.9715662648847252,24.23723967018345,0.9827,4.715,3253.704,73.70856033735168,87.51386215884716
4.189210667306396,0.9732277425196302,24.23427261343689,0.9816,4.715,3257.688,73.77009565730857,87.51386215884716
4.187135461367971,0.95592497531669,24.23452608869084,0.9611,4.702,3261.657,73.83030939141243,87.51386215884716
4.184649181525536,0.9355119889691778,24.223543660531416,0.9417,4.677,3265.594,73.88876220565672,87.51386215884716
4.184642560745891,0.934355135713228,24.219327566063,0.9417,4.677,3269.579,73.94785451406946,87.51386215884716
4.184881875048368,0.9322245859152783,24.21594838743975,0.9412,4.689,3273.516,74.00610192425445,87.51386215884716
4.185143392647145,0.9346168994244264,24.20572783825379,0.9417,4.677,3277.485,74.06497346221407,87.51386215884716
4.185364122227029,0.9333223176489976,24.202999341207445,0.9412,4.677,3281.469,74.12398563884062,87.51386215884716
4.185536087785316,0.9348415145380284,24.203371761614537,0.9412,4.677,3285.422,74.18263394285098,87.51386215884716
4.1880745933877135,0.9532775920339956,24.20544351314639,0.9595,4.702,3289.36,74.24221191942685,87.51386215884716
4.185947149507031,0.9334153662318712,24.21562172360512,0.939,4.677,3293.344,74.30122997933651,87.51386215884716
4.186085887748424,0.9327435571084088,24.19925206178877,0.9396,4.677,3297.313,74.35998351542462,87.51386215884716
4.186183492186697,0.9322077698288532,24.20497189685402,0.9396,4.689,3301.25,74.41822987490413,87.51386215884716
4.186379351568075,0.9320758366731938,24.208177384702164,0.9385,4.677,3305.235,74.47717803144496,87.51386215884716
4.1869426636753975,0.9290116246740248,24.21664061816525,0.9385,4.677,3309.188,74.53546059094379,87.51386215884716
4.186856210855767,0.9290130083033112,24.239459600638643,0.9379,4.689,3313.11,74.5932861762708,87.51386215884716
4.1871888870700325,0.9289753431870286,24.22449243260265,0.9369,4.677,3317.141,74.65271643737475,87.51386215884716
4.1872585050978,0.9302562478472252,24.22422061142233,0.9363,4.677,3321.094,74.71107707966847,87.51386215884716
4.187464577159653,0.9302334886295088,24.227591435859548,0.9358,4.677,3325.016,74.7689786327038,87.51386215884716
4.187829131995394,0.9290997354512862,24.225151987540368,0.9352,4.677,3329.016,74.82795974803366,87.51386215884716
4.185812660295014,0.9063433402663468,24.22324798069517,0.9158,4.677,3332.954,74.88460442608684,87.51386215884716
4.185860783983229,0.9105786925815484,24.226089660709043,0.9153,4.664,3336.922,74.9419473455562,87.51386215884716
4.186030300675075,0.9099466098691537,24.23002445216417,0.9148,4.677,3340.907,74.99949596240889,87.51386215884716
4.188713215123084,0.9272918764984406,24.23272335496838,0.9342,4.677,3344.86,75.05767063162658,87.51386215884716
4.1865371112372864,0.9088023602607856,24.234740108680047,0.9142,4.664,3348.813,75.11468534083774,87.51386215884716
4.189306849912033,0.9281211154484988,24.23981804008761,0.9336,4.677,3352.797,75.17336865544407,87.51386215884716
4.186941064593036,0.9046666704667532,24.24077824966115,0.9131,4.677,3356.766,75.23035362785787,87.51386215884716
4.189818413160398,0.923545422041623,24.239603231843606,0.9331,4.677,3360.704,75.2880734022247,87.51386215884716
4.18760884375995,0.9061089884693196,24.24655134603421,0.9121,4.677,3364.688,75.34536493234172,87.51386215884716
4.185313624314837,0.88188437101584,24.254862839573214,0.8916,4.664,3368.594,75.40003310255773,87.51386215884716
4.185313841957909,0.8843518630318433,24.245561787620925,0.891,4.651,3372.579,75.45596300655055,87.51386215884716
4.1880384563128565,0.9047985681006884,24.245248035055788,0.9115,4.664,3376.594,75.51361682912648,87.51386215884716
4.188405818412727,0.903593185070947,24.24644861783217,0.9099,4.664,3380.532,75.57008962788323,87.51386215884716
4.188679441385559,0.9011316011929484,24.24308828018748,0.9094,4.664,3384.454,75.62617975991576,87.51386215884716
4.188980920687713,0.903578311111533,24.23939976375449,0.9094,4.677,3388.469,75.68375582763835,87.51386215884716
4.189221637157827,0.9005558443589796,24.24502195644581,0.9083,4.677,3392.485,75.74115359585929,87.51386215884716
4.187117191475064,0.8791010418645484,24.23919727743314,0.8889,4.651,3396.438,75.79630496040323,87.51386215884716
4.187093700445255,0.8767916290533171,24.242138151815908,0.8878,4.651,3400.36,75.85088007259937,87.51386215884716
4.18744237452194,0.8817189537299543,24.24436125762576,0.8873,4.651,3404.344,75.90662946768892,87.51386215884716
4.187592029325402,0.8812206557854948,24.236087410141657,0.8873,4.664,3408.282,75.96170402732116,87.51386215884716
4.185331332944998,0.8605137555223116,24.238314237651323,0.8668,4.639,3412.219,76.01547078958535,87.51386215884716
4.188149981382551,0.8782946066038171,24.2377766313371,0.8862,4.651,3416.204,76.07101760876247,87.51386215884716
4.185740335700457,0.8579079008180149,24.23605496237269,0.8663,4.651,3420.157,76.12483939844297,87.51386215884716
4.185886948357217,0.8581829471349848,24.2321138954898,0.8657,4.651,3424.125,76.17888274036217,87.51386215884716
4.186011445717262,0.8576347103594322,24.23249237058189,0.8657,4.651,3428.11,76.23312294611793,87.51386215884716
4.1862674025232005,0.8612729615233067,24.240011184370942,0.8652,4.651,3432.063,76.28715584655912,87.51386215884716
4.186685022424579,0.857394198083603,24.250455334730667,0.8646,4.639,3436.0,76.34072769212138,87.51386215884716
4.186703527499998,0.8596104155648859,24.24058823199871,0.8652,4.639,3439.985,76.3950928492761,87.51386215884716
4.187102144954122,0.8583507428108109,24.22976738970695,0.8641,4.651,3443.922,76.44872446182363,87.51386215884716
4.187091968239645,0.8572550244831065,24.23008860663797,0.8636,4.639,3447.86,76.5023012165853,87.51386215884716
4.187403849387335,0.8553219873433512,24.229997241618392,0.8641,4.639,3451.891,76.55701957849722,87.51386215884716
4.187786774594666,0.8550385492615379,24.22973219948383,0.8636,4.639,3455.829,76.6104578079123,87.51386215884716
4.185539298699612,0.8361067826765217,24.225473184017385,0.8425,4.626,3459.782,76.66291188062189,87.51386215884716
4.187991256315616,0.8536083749443707,24.237941391525467,0.863,4.639,3463.719,76.71624717975898,87.51386215884716
4.185922955207806,0.8360328925221717,24.24005991623749,0.8415,4.626,3467.641,76.76828530078704,87.51386215884716
4.186039941958935,0.8355522931656484,24.250555023288037,0.8415,4.626,3471.688,76.82195108658728,87.51386215884716
4.18619144542506,0.8336055556770797,24.24746042082848,0.8409,4.626,3475.657,76.87445991790052,87.51386215884716
4.188873757320985,0.8534320518667816,24.250260388017,0.8609,4.639,3479.657,76.92863749685863,87.51386215884716
4.186813410734012,0.8313213045439278,24.24443641270957,0.8398,4.626,3483.625,76.98098924965932,87.51386215884716
4.187066399720888,0.8331907400770283,24.25004572755721,0.8404,4.626,3487.672,77.03450335781682,87.51386215884716
4.18716046048052,0.8331754424580425,24.24540691853107,0.8393,4.639,3491.672,77.08739500656726,87.51386215884716
4.187476868886711,0.8298224825715398,24.250316957983035,0.8388,4.639,3495.594,77.13904656617228,87.51386215884716
4.190043052930542,0.8501253637338473,24.25285714160269,0.8587,4.639,3499.563,77.19259598053908,87.51386215884716
4.188102534556146,0.8312411608250317,24.25287092326735,0.8371,4.626,3503.5,77.244533727718,87.51386215884716
4.185683465276096,0.8111596385011848,24.24773836397629,0.8172,4.613,3507.454,77.29543558758581,87.51386215884716
4.188459549733206,0.8327696528533368,24.2516364581292,0.8377,4.626,3511.391,77.3474688382555,87.51386215884716
4.186116753093308,0.8096277127911072,24.24418394427694,0.8167,4.613,3515.36,77.39846730474596,87.51386215884716
4.186258674591726,0.8075918278570481,24.25154807557344,0.8167,4.626,3519.391,77.45013217782032,87.51386215884716
4.18655665323589,0.8079177513740006,24.24612015741729,0.8161,4.613,3523.344,77.50081778084615,87.51386215884716
4.186778224917648,0.8090077004951669,24.243658554755264,0.8156,4.626,3527.329,77.55198262247723,87.51386215884716
4.186925148312806,0.8067742415136546,24.243512326840133,0.8161,4.613,3531.266,77.60239162357216,87.51386215884716
4.187226659400721,0.8056958914901003,24.23302166075391,0.8156,4.626,3535.25,77.65333422652596,87.51386215884716
4.187423515821977,0.8084576285471949,24.223412125614647,0.8145,4.613,3539.235,77.70446427943489,87.51386215884716
4.187572615681784,0.8070262319028797,24.236647133491463,0.8145,4.626,3543.172,77.75488902543484,87.51386215884716
4.185400732430095,0.7885772799319491,24.236732275705428,0.794,4.613,3547.172,77.80494949334744,87.51386215884716
4.185548867992086,0.7855943848870989,24.24170792332813,0.7946,4.601,3551.172,77.85482060109779,87.51386215884716
4.185731301022072,0.7857629885772279,24.241966632594288,0.7935,4.601,3555.141,77.90431582811301,87.51386215884716
4.188455252325806,0.80486270368947,24.23653153516656,0.8124,4.613,3559.11,77.95501414658095,87.51386215884716
4.186184326179559,0.7879226597988795,24.23349287832085,0.7924,4.601,3563.047,78.0042452600409,87.51386215884716
4.186312870128279,0.7866958050822215,24.236357001416916,0.793,4.601,3567.0,78.05359948107476,87.51386215884716
4.186608067520325,0.7858330340666662,24.24031216779026,0.7919,4.601,3570.985,78.10329866528754,87.51386215884716
4.186674247584309,0.7847930967455804,24.234218967324946,0.7924,4.601,3574.922,78.15233423687313,87.51386215884716
4.189387818362082,0.8039612361773947,24.2339468740317,0.8107,4.613,3578.86,78.20258023457323,87.51386215884716
4.187306661368668,0.7823685958048708,24.23357221811349,0.7913,4.601,3582.797,78.25146431809154,87.51386215884716
4.187560596860058,0.7847734259506655,24.23388508021829,0.7908,4.601,3586.75,78.30069793656979,87.51386215884716
4.187897362470147,0.7826105541370381,24.241130285439624,0.7908,4.601,3590.672,78.34941083183777,87.51386215884716
4.188087443576663,0.7832538146466623,24.239537367721766,0.7897,4.601,3594.688,78.39933224558781,87.51386215884716
4.188250529762328,0.7809011024018192,24.24301551116651,0.7886,4.601,3598.688,78.4489054143495,87.51386215884716
4.188523269150279,0.781046015408846,24.23722608867468,0.7881,4.613,3602.657,78.49810351912663,87.51386215884716
4.188779882971165,0.782416185264844,24.23866659667995,0.7886,4.601,3606.625,78.54737551359419,87.51386215884716
4.186796371070068,0.7608525530488397,24.2463019108736,0.7682,4.601,3610.61,78.59549483354319,87.51386215884716
4.189191063867008,0.7817140393722857,24.23577650111526,0.7876,4.601,3614.563,78.64453651806116,87.51386215884716
4.187263132926958,0.7602714237661206,24.238642475422587,0.7671,4.588,3618.5,78.69203992243506,87.51386215884716
4.187226252280701,0.7575416006354241,24.243222411758985,0.7665,4.588,3622.485,78.73994984467897,87.51386215884716
4.187442497370736,0.7610864839218264,24.235998836305544,0.7671,4.601,3626.422,78.78750417577585,87.51386215884716
4.187605507310199,0.761525666719586,24.23568866358558,0.7665,4.588,3630.36,78.83509803375895,87.51386215884716
4.185437177267664,0.7399889678712411,24.232450979325847,0.7455,4.575,3634.344,78.88188611419802,87.51386215884716
4.185498358279032,0.7371167770843753,24.23381601647528,0.7461,4.575,3638.329,78.92850428994595,87.51386215884716
4.1854720605555045,0.7388143268120815,24.23666245606521,0.745,4.575,3642.266,78.97466700845237,87.51386215884716
4.1858094684074985,0.7355603352709131,24.231345729940745,0.745,4.575,3646.25,79.02117507496239,87.51386215884716
4.186060081605486,0.7388921044398259,24.24053646614443,0.7444,4.575,3650.204,79.06754200518483,87.51386215884716
4.188873821880158,0.7549989444034957,24.24186456929142,0.7638,4.588,3654.141,79.11471597363445,87.51386215884716
4.189057069890975,0.756102516969675,24.242398492863742,0.7633,4.601,3658.157,79.16290687405683,87.51386215884716
4.186698341612427,0.7380416971876949,24.24939481246774,0.7439,4.575,3662.188,79.21012234763333,87.51386215884716
4.187063361935482,0.733192094005375,24.250797615621515,0.7428,4.575,3666.157,79.2563061329046,87.51386215884716
4.187179215884843,0.736678426494976,24.249625059765428,0.7428,4.575,3670.079,79.30216002389334,87.51386215884716
4.187331756172017,0.736291240732038,24.253228286847467,0.7417,4.575,3674.11,79.34926351378267,87.51386215884716
4.190190039409049,0.7552771578680475,24.25861610809149,0.7622,4.588,3678.063,79.39664665164922,87.51386215884716
4.187986597939108,0.7358264027563572,24.253454753328967,0.7407,4.575,3682.0,79.44262267819244,87.51386215884716
4.185638939628731,0.7161578404851207,24.252289857178887,0.7207,4.563,3685.985,79.4879153280261,87.51386215884716
4.185762451859143,0.7178315498857132,24.256473362201596,0.7213,4.563,3689.922,79.53276699720716,87.51386215884716
4.185947166981721,0.7145781377059993,24.260777155353797,0.7202,4.563,3693.891,79.5777782889835,87.51386215884716
4.186070223815187,0.7141889988723645,24.262388736117245,0.7202,4.563,3697.829,79.6224136982296,87.51386215884716
4.186320085791039,0.7123408343657361,24.26238258630071,0.7196,4.563,3701.813,79.6674536403171,87.51386215884716
4.18632139385495,0.7145188801968475,24.25464180336513,0.7202,4.575,3705.782,79.7124611994617,87.51386215884716
4.186752912309477,0.7119697543538341,24.264146250096605,0.7196,4.563,3709.797,79.75782795770392,87.51386215884716
4.186836630407981,0.712791872515793,24.272682385953704,0.7186,4.563,3713.75,79.80254573476593,87.51386215884716
4.187130646943926,0.7117613978406888,24.27172207209985,0.7186,4.563,3717.672,79.8468486875507,87.51386215884716
4.18719280527238,0.7102002000678801,24.272987933181167,0.7175,4.563,3721.657,79.89176455267855,87.51386215884716
4.187575999992027,0.7127980054958338,24.26040069695088,0.718,4.563,3725.641,79.9368334008181,87.51386215884716
4.187700385954633,0.7098926498810181,24.263930897217666,0.7175,4.563,3729.625,79.9817185489052,87.51386215884716
4.187857966205232,0.7106400324646022,24.25684988491886,0.7175,4.563,3733.641,80.02701185539746,87.51386215884716
4.188314804968079,0.7100699101279981,24.26518412362436,0.717,4.563,3737.61,80.07173917382475,87.51386215884716
4.188512012296065,0.7076405026890266,24.264053780828156,0.7159,4.563,3741.594,80.11648192297275,87.51386215884716
4.188655441033543,0.7086530284382472,24.26301137251048,0.7159,4.563,3745.657,80.16217717982053,87.51386215884716
4.186359380567448,0.6902045180980285,24.27345222324231,0.6965,4.55,3749.61,80.20547791451965,87.51386215884716
4.1865694873031325,0.6875001522373204,24.2662156235643,0.6949,4.55,3753.563,80.24860898787115,87.51386215884716
4.186628777094718,0.6884440788514806,24.26717454350176,0.6949,4.55,3757.532,80.29197409473595,87.51386215884716
4.186906293745849,0.6878350806026587,24.27437683991586,0.6954,4.55,3761.516,80.3354645851045,87.51386215884716
4.187181392517258,0.6890691398133985,24.27743885005781,0.6949,4.563,3765.5,80.37903310266553,87.51386215884716
4.1872025023781365,0.6887638709354796,24.28241450941271,0.6943,4.55,3769.485,80.42259324969014,87.51386215884716
4.187607788285565,0.6887824981777552,24.27985930047893,0.6943,4.563,3773.438,80.46580477241557,87.51386215884716
4.187559483308146,0.687093491965091,24.281601032483984,0.6938,4.55,3777.391,80.50891033349052,87.51386215884716
4.188011793378435,0.6877929637890463,24.283094379002986,0.6932,4.55,3781.454,80.5532604948208,87.51386215884716
4.188253774456912,0.6872042588074827,24.28144289980425,0.6932,4.563,3785.532,80.59773628951025,87.51386215884716
4.188489816594632,0.6876301692217806,24.28381301822312,0.6927,4.55,3789.547,80.64155212783255,87.51386215884716
4.188689490560793,0.6851047257985591,24.27885874571455,0.6927,4.55,3793.563,80.6852179176942,87.51386215884716
4.186327746103169,0.6657710256066992,24.28202300240554,0.6717,4.537,3797.532,80.7271548484629,87.51386215884716
4.186664125290788,0.6661131351788632,24.27861537229674,0.6711,4.537,3801.532,80.76944104675745,87.51386215884716
4.186666595234706,0.6649253992482346,24.283169274406443,0.6717,4.537,3805.485,80.81115586831048,87.51386215884716
4.18684323027985,0.6660162807281097,24.27127812319005,0.6717,4.537,3809.454,80.85310824770437,87.51386215884716
4.187116843952395,0.6637412255705405,24.273965569338216,0.6711,4.537,3813.422,80.89490678742035,87.51386215884716
4.186847931804044,0.663919402095478,24.27020866668846,0.6706,4.537,3817.391,80.93672708438552,87.51386215884716
4.187354047964735,0.664333956732102,24.272593389822116,0.6701,4.537,3821.329,80.97824665144918,87.51386215884716
4.187464941872362,0.6659668751310365,24.272828745484187,0.6695,4.537,3825.313,81.02035445720878,87.51386215884716
4.187693178436648,0.6640433011506973,24.27305437905803,0.6701,4.537,3829.563,81.06514393335372,87.51386215884716
4.188014302724538,0.6618120821300999,24.26948383992579,0.669,4.537,3833.5,81.10649538491984,87.51386215884716
4.188075712681395,0.6625913534819972,24.26921766316434,0.669,4.537,3837.485,81.14840027858929,87.51386215884716
4.188362565985123,0.6616978303737021,24.275131792294868,0.6684,4.537,3841.438,81.18991261508188,87.51386215884716
4.1885869492775765,0.6616147354040394,24.273096457740387,0.6679,4.537,3845.375,81.23125173599735,87.51386215884716
4.186478117730242,0.6434876902022314,24.267048965527643,0.6485,4.537,3849.407,81.27242842476686,87.51386215884716
4.1863165468778,0.6399515370045669,24.26550860013405,0.6485,4.525,3853.344,81.31241398215036,87.51386215884716
4.18869811990997,0.6621119581614354,24.269814569524115,0.6679,4.537,3857.282,81.35379467866896,87.51386215884716
4.18649510794809,0.6416300790720499,24.27290634827208,0.6474,4.525,3861.282,81.39452664343965,87.51386215884716
4.186965001239127,0.6409814050557291,24.26351623208359,0.6474,4.525,3865.235,81.43473931235098,87.51386215884716
4.187019323051016,0.6393765711466718,24.26334289959772,0.6469,4.525,3869.188,81.47485130025328,87.51386215884716
4.187090333946175,0.6387898658143744,24.263689934129022,0.6469,4.525,3873.219,81.51571723797092,87.51386215884716
4.187358721345245,0.6377988111250592,24.26408453322844,0.6463,4.537,3877.172,81.55573024337409,87.51386215884716
4.187593854425315,0.6388524480441206,24.25832614579222,0.6458,4.525,3881.11,81.59565726620885,87.51386215884716
4.187768098065076,0.6388735045056914,24.26727690869089,0.6447,4.537,3885.11,81.63621423809533,87.51386215884716
4.190479286540054,0.6596999239465918,24.264744237386253,0.6641,4.537,3889.063,81.6776012337449,87.51386215884716
4.188070752479669,0.6364754561226729,24.268566467818463,0.6442,4.525,3893.016,81.71753121702582,87.51386215884716
4.188455145826051,0.637091769328324,24.26365525981157,0.6436,4.525,3897.0,81.75781330533334,87.51386215884716
4.188672995584636,0.6375960243152784,24.27410005634509,0.6431,4.525,3900.954,81.79782370765312,87.51386215884716
4.186346095853304,0.6163073235765564,24.26440491020781,0.6242,4.512,3904.938,81.8367916353962,87.51386215884716
4.1863332837635205,0.6159480262875758,24.274077975840296,0.6242,4.512,3908.938,81.87589325192826,87.51386215884716
4.18658115919276,0.6168451815041256,24.26350345058565,0.6232,4.512,3912.891,81.914591708479,87.51386215884716
4.18667233059914,0.6183410565242783,24.2662037489257,0.6237,4.525,3916.829,81.95323680964297,87.51386215884716
4.186659869063387,0.6153637768125485,24.275496364545624,0.6232,4.512,3920.829,81.99230133684613,87.51386215884716
4.186944980250547,0.6156703216108051,24.27034114548529,0.6226,4.512,3924.782,82.03092608727756,87.51386215884716
4.1871896097284,0.6152299459281204,24.275102556196494,0.6221,4.512,3928.719,82.0693669861339,87.51386215884716
4.187080400895602,0.6134219254319714,24.275017054220736,0.6215,4.525,3932.719,82.10830824071536,87.51386215884716
4.187132180664829,0.6141103150215168,24.27479450326068,0.6221,4.512,3936.704,82.14714700206811,87.51386215884716
4.187410572641831,0.6169281284064967,24.273407476339703,0.621,4.512,3940.672,82.1859975267661,87.51386215884716
4.18779223467934,0.6163816698289721,24.28354380748423,0.621,4.525,3944.657,82.22497993756613,87.51386215884716
4.187957285271071,0.6138298127469975,24.29056861113862,0.6205,4.512,3948.594,82.26333335307035,87.51386215884716
4.188124044462404,0.6158186289165611,24.281577720153003,0.6205,4.512,3952.547,82.30196740772269,87.51386215884716
4.188293333676973,0.6144105237879776,24.272969157923917,0.6205,4.525,3956.532,82.34082515546332,87.51386215884716
4.1883177605637965,0.6118037951650093,24.28164816120791,0.6199,4.512,3960.516,82.37950833375913,87.51386215884716
4.191104143977877,0.6328254107992343,24.28683025399693,0.6393,4.537,3964.5,82.41952066841532,87.51386215884716
4.188973162147007,0.61245090625681,24.285526378261288,0.6189,4.512,3968.485,82.45825448220504,87.51386215884716
4.18902602623546,0.6135051130056168,24.28020403066766,0.6183,4.512,3972.469,82.49704523155857,87.51386215884716
4.186703821562833,0.5924737542207974,24.282841119243088,0.5984,4.499,3976.438,82.53436516567614,87.51386215884716
4.186685933660605,0.5920787251543888,24.2834329314826,0.5984,4.499,3980.422,82.57180116569985,87.51386215884716
4.186968515172259,0.5916285410156024,24.281373055467757,0.5989,4.499,3984.438,82.60950916358009,87.51386215884716
4.189530595936242,0.6122284431435862,24.28094591087675,0.6183,4.512,3988.469,82.64867586105825,87.51386215884716
4.189888885364398,0.6085586567014359,24.27014380199893,0.6167,4.512,3992.438,82.68700898351807,87.51386215884716
4.187610352788507,0.5929471144763659,24.278836906138007,0.5973,4.499,3996.422,82.72449989012989,87.51386215884716
4.187822776988404,0.5910987077664679,24.280892876695628,0.5968,4.499,4000.375,82.76158311351492,87.51386215884716
4.187743413956784,0.5924696817527124,24.27206742036352,0.5968,4.499,4004.391,82.79934472228598,87.51386215884716
4.188072235727188,0.5908316746131488,24.265941156239343,0.5973,4.499,4008.407,82.83700193114146,87.51386215884716
4.188329705273539,0.5893127040389409,24.276436281680347,0.5968,4.499,4012.407,82.8744126839767,87.51386215884716
4.188344993269102,0.5904325898184524,24.27766596237541,0.5957,4.499,4016.407,82.91189452940814,87.51386215884716
4.1887348603886245,0.5874358105377567,24.278712974020728,0.5957,4.499,4020.36,82.94874795693272,87.51386215884716
4.185926722962408,0.5700568217477553,24.277899014571663,0.5757,4.487,4024.329,82.98465584800695,87.51386215884716
4.186158619504386,0.5698631930912315,24.28210992839192,0.5763,4.499,4028.25,83.02011742970178,87.51386215884716
4.186211329348954,0.5684852808521943,24.27185231214429,0.5763,4.487,4032.25,83.0562060159255,87.51386215884716
4.188800170852824,0.5894979343462771,24.274038360527868,0.5951,4.499,4036.204,83.0931981686686,87.51386215884716
4.186608121317115,0.5652690090751585,24.269487673582425,0.5747,4.487,4040.141,83.12851740003615,87.51386215884716
4.186639848281663,0.5668340607028353,24.272101190367312,0.5752,4.487,4044.157,83.16464509854563,87.51386215884716
4.186699826809698,0.5690515549446593,24.27699217605201,0.5752,4.487,4048.11,83.20034516970523,87.51386215884716
4.18695127246899,0.5692190109332917,24.27812688939204,0.5741,4.487,4052.047,83.23591120573974,87.51386215884716
4.186834757825469,0.5644462242249736,24.28174134502472,0.5747,4.487,4056.032,83.27160901387438,87.51386215884716
4.187106477667929,0.5674904074461837,24.283158371355118,0.5747,4.487,4059.985,83.30721114473964,87.51386215884716
4.187315395417567,0.5678322438941827,24.281301913068027,0.573,4.487,4063.938,83.34283472108804,87.51386215884716
4.187327100064948,0.5640813547335135,24.284573187027505,0.5736,4.487,4067.922,83.37850050118116,87.51386215884716
4.18725313619414,0.5655008892435885,24.286102779024308,0.5736,4.487,4071.875,83.41397781744784,87.51386215884716
4.187575646612721,0.5669630460712001,24.279280866631,0.573,4.487,4075.813,83.44941189390205,87.51386215884716
4.187707553031036,0.5655734379563727,24.27635908375921,0.573,4.487,4079.75,83.48475014664511,87.51386215884716
4.187876933940938,0.5658661739505231,24.278204720450898,0.572,4.487,4083.735,83.52053775800758,87.51386215884716
4.188339361989708,0.5670158831153085,24.28103803731039,0.5714,4.487,4087.688,83.55611011907038,87.51386215884716
4.18833624308589,0.5655043406047507,24.28154175955586,0.5714,4.487,4091.625,83.59144405446133,87.51386215884716
4.188482336125993,0.5638725241910012,24.286295117283,0.572,4.487,4095.61,83.62710557954037,87.51386215884716
4.188483477647188,0.5635477456915668,24.28517121542712,0.5714,4.487,4099.563,83.6624603632119,87.51386215884716
4.188530287967277,0.5641841910974634,24.284375858759628,0.5714,4.487,4103.5,83.69771181280385,87.51386215884716
4.188922502148745,0.5655785357270605,24.285473080851865,0.5703,4.487,4107.485,83.73348123278919,87.51386215884716
4.189205977229511,0.5658919293663103,24.286568935296696,0.5703,4.487,4111.469,83.76926149203707,87.51386215884716
4.189358183822235,0.5656095112405373,24.292226447663825,0.5698,4.487,4115.422,83.80474562282343,87.51386215884716
4.189680727657147,0.5636985450029457,24.284179727566528,0.5693,4.499,4119.469,83.84095080784833,87.51386215884716
4.187268012945776,0.5441939783462171,24.288343837236976,0.5493,4.474,4123.422,83.87509141177564,87.51386215884716
4.187214727831869,0.5420377982830026,24.28577293844584,0.5493,4.474,4127.36,83.9089677092143,87.51386215884716
4.187234455258093,0.5427795803235159,24.27504932219471,0.5499,4.474,4131.344,83.94328661904605,87.51386215884716
4.18756652065052,0.5437288619565569,24.284078614447893,0.5499,4.474,4135.297,83.97739804338835,87.51386215884716
4.187590612732256,0.5440702110825344,24.283785698884607,0.5493,4.474,4139.235,84.01140136263385,87.51386215884716
4.187587995942717,0.5414349042704247,24.29048099123154,0.5488,4.474,4143.219,84.04563525118274,87.51386215884716
4.187719218260384,0.5425571964081927,24.286231866881096,0.5482,4.474,4147.172,84.0796731698065,87.51386215884716
4.187906383355572,0.5418840013573093,24.27784137620932,0.5493,4.474,4151.11,84.11353985523947,87.51386215884716
4.187944570810824,0.5406928627277773,24.278060507917377,0.5477,4.474,4155.047,84.1473235157814,87.51386215884716
4.188022158631414,0.5411513830967577,24.281821553119396,0.5482,4.474,4159.032,84.18154806617521,87.51386215884716
4.188256763184705,0.543665262486367,24.27770805266496,0.5477,4.474,4162.985,84.21565550053526,87.51386215884716
4.188422277850942,0.5423017218668461,24.27199234293336,0.5472,4.474,4166.922,84.24953968607903,87.51386215884716
4.1884267549870415,0.53962769521766,24.275335230729432,0.5477,4.474,4170.922,84.28379633486752,87.51386215884716
4.188752710194644,0.5404877156770009,24.274627349823568,0.5472,4.474,4174.86,84.31757575518876,87.51386215884716
4.188823041964248,0.5414129558697597,24.27924766418311,0.5472,4.474,4178.797,84.35140440870904,87.51386215884716
4.188854156620266,0.5393400841731512,24.27389066208807,0.5461,4.474,4182.797,84.38564279937135,87.51386215884716
4.189094324282251,0.538288706227228,24.27798817986733,0.5461,4.474,4186.766,84.41954961618731,87.51386215884716
4.189257261285594,0.5391632470170038,24.28270912945707,0.5455,4.474,4190.704,84.45324625981954,87.51386215884716
4.189404408104405,0.5395230701801502,24.285587570112163,0.5455,4.487,4194.719,84.48762470432689,87.51386215884716
4.189660738813442,0.5385970144872922,24.284430981412854,0.5455,4.474,4198.704,84.52168770636301,87.51386215884716
4.1870866750378575,0.5211903859694677,24.2797714271727,0.5256,4.461,4202.641,84.5542528099386,87.51386215884716
4.187190585119771,0.5191631210764943,24.279618848110044,0.5251,4.461,4206.625,84.58707849643471,87.51386215884716
4.187178917713266,0.5174903308587402,24.27902494028151,0.5245,4.461,4210.579,84.61955203068624,87.51386215884716
4.187388934470099,0.5203119624896898,24.28570604850829,0.5245,4.461,4214.516,84.6520622484612,87.51386215884716
4.187424201528392,0.5178859401517363,24.283583426667544,0.5251,4.461,4218.516,84.68493868701597,87.51386215884716
4.187689437390716,0.5183000959582534,24.28841183418541,0.524,4.461,4222.469,84.71745480993482,87.51386215884716
4.187722063197545,0.5195311145759595,24.288316389410745,0.5245,4.461,4226.407,84.74992448386118,87.51386215884716
4.187889436076175,0.5173585307757604,24.28082915228317,0.5245,4.461,4230.422,84.78289060250137,87.51386215884716
4.187950915318652,0.5172241761917219,24.278253501165903,0.5235,4.461,4234.36,84.8152160973112,87.51386215884716
4.188114793390586,0.5167832929643454,24.28263209607672,0.5245,4.461,4238.313,84.84763706193665,87.51386215884716
4.188124034882849,0.5178455135827413,24.28952569674229,0.5229,4.461,4242.297,84.8803794386429,87.51386215884716
4.188377304211072,0.5172317627311658,24.29537061344037,0.524,4.461,4246.25,84.91282853850926,87.51386215884716
4.188431637504915,0.5162594853951012,24.296637443284187,0.5235,4.461,4250.219,84.94534773424623,87.51386215884716
4.188670298424186,0.5136166769874048,24.29274313446721,0.5229,4.461,4254.204,84.97783088109519,87.51386215884716
4.186032279941213,0.4971624021707915,24.2938760866119,0.5019,4.449,4258.157,85.00902090769497,87.51386215884716
4.186133792154223,0.4935481404153005,24.298071882942,0.5024,4.449,4262.094,85.03985886392908,87.51386215884716
4.186307443061056,0.4979555069772759,24.296028127561627,0.5024,4.449,4266.094,85.07147007859798,87.51386215884716
4.186241803496735,0.4969953304665188,24.3009945069443,0.503,4.449,4270.047,85.10264962377182,87.51386215884716
4.186458808699845,0.4920385615360187,24.30311749280876,0.5019,4.449,4274.016,85.13364314301045,87.51386215884716
4.186474970254831,0.4944756930840973,24.30388203640272,0.5019,4.449,4277.954,85.16454690232051,87.51386215884716
4.186404350395726,0.4920356694886179,24.29996900031137,0.5014,4.449,4281.938,85.19565737218218,87.51386215884716
4.186628087804474,0.4942150743500842,24.313467907597108,0.5014,4.449,4285.891,85.2266624949503,87.51386215884716
4.1866610619055,0.4950220225080915,24.307161140358264,0.5014,4.449,4289.829,85.25760039877598,87.51386215884716
4.186828817593655,0.491944487984554,24.29714823541107,0.5014,4.449,4293.813,85.28870510340636,87.51386215884716
4.1868965414587205,0.4934108363652776,24.29379975811474,0.5014,4.449,4297.766,85.31965977142562,87.51386215884716
4.187024479559357,0.4925777720402688,24.2988735351398,0.5008,4.449,4301.704,85.35044491439933,87.51386215884716
4.187055453609664,0.4925475433595892,24.29636615704986,0.5003,4.449,4305.719,85.38183007533596,87.51386215884716
4.187350266536714,0.4936844915524964,24.29962462881051,0.5008,4.449,4309.672,85.41280191141244,87.51386215884716
4.187419127209175,0.4924196138531047,24.30176172872247,0.4997,4.449,4313.594,85.44345213066993,87.51386215884716
4.187516959838849,0.49210291843801,24.299385590026727,0.4997,4.449,4317.579,85.47457466247359,87.51386215884716
4.18778842084531,0.4933413655757565,24.291641236218315,0.4992,4.449,4321.547,85.50564241579087,87.51386215884716
4.187784298951519,0.4936824870222634,24.286619155998523,0.4992,4.449,4325.485,85.53649660128052,87.51386215884716
4.187923675415469,0.4944755324283743,24.28106167462486,0.4997,4.449,4329.516,85.5681301749994,87.51386215884716
4.188033096217319,0.4927240667659631,24.282688617310956,0.4992,4.449,4333.469,85.59904175777736,87.51386215884716
4.188043556631387,0.4938013201841054,24.285616342363767,0.4987,4.449,4337.407,85.62990337010615,87.51386215884716
4.188273313652432,0.4908117104028563,24.27857865676611,0.4987,4.449,4341.407,85.66106108223535,87.51386215884716
4.188416285298048,0.4891030451007843,24.28336080220236,0.4981,4.449,4345.344,85.69162129929155,87.51386215884716
4.18847907635116,0.4943350837024434,24.28038196601185,0.4987,4.449,4349.282,85.72251627079153,87.51386215884716
4.1887781637373775,0.4938502205525543,24.271537724944327,0.4976,4.449,4353.266,85.75374147123003,87.51386215884716
4.188809680744415,0.4926400358196267,24.27530786642364,0.4981,4.449,4357.219,85.78464778223474,87.51386215884716
4.189179311585209,0.491602405907563,24.26991630639093,0.4981,4.449,4361.157,85.81537196674148,87.51386215884716
4.189125961940516,0.4918390519746665,24.27022982731148,0.4965,4.449,4365.094,85.84610313543003,87.51386215884716
4.189165373792781,0.4905902112899508,24.27373613371768,0.4976,4.449,4369.079,85.87712999766019,87.51386215884716
4.189296300154471,0.4909413828082752,24.270388495353856,0.4965,4.449,4373.032,85.90792974181193,87.51386215884716
4.189410825413544,0.4893761726662737,24.273935499154085,0.496,4.449,4376.969,85.93850702446969,87.51386215884716
4.189683255660691,0.4900663043673391,24.275156927667545,0.4954,4.449,4380.954,85.96950075275723,87.51386215884716
4.187255312787425,0.4701506962008004,24.267930304709147,0.476,4.436,4384.907,85.99899617046458,87.51386215884716
4.187367385487087,0.4662409062695423,24.27102953682597,0.476,4.436,4388.844,86.02812791159522,87.51386215884716
4.187456148664281,0.4690650755214605,24.27133369647343,0.476,4.436,4392.829,86.05779343923979,87.51386215884716
4.187560043448837,0.470321590807396,24.26953949476368,0.4755,4.436,4396.797,86.08741154180038,87.51386215884716
4.187558025768111,0.4708792723971918,24.270415453680727,0.4755,4.436,4400.735,86.11684057117795,87.51386215884716
4.187745602629495,0.4697798130128115,24.27217509786785,0.476,4.436,4404.735,86.14666313626293,87.51386215884716
4.187766424245862,0.4675320048788145,24.26549554506267,0.4755,4.436,4408.704,86.17611298698733,87.51386215884716
4.187801143864359,0.4689442575391545,24.26157625653713,0.4755,4.436,4412.641,86.20541363935746,87.51386215884716
4.187930282208317,0.4669253610742957,24.27332901898358,0.4749,4.436,4416.672,86.23528471863659,87.51386215884716
4.187983673246983,0.4688911611491738,24.260962340417823,0.4744,4.436,4420.625,86.26470111803604,87.51386215884716
4.18817821871028,0.4670195955622328,24.25179228244175,0.4749,4.436,4424.563,86.29388892519462,87.51386215884716
4.188220201339028,0.468070758465733,24.24260064588137,0.4739,4.436,4428.563,86.32360299606796,87.51386215884716
4.188301452400323,0.4679294196052256,24.241379422904657,0.4739,4.436,4432.5,86.35284023916707,87.51386215884716
4.188516548087497,0.4678923902666156,24.248283035450196,0.4744,4.436,4436.438,86.38208259427986,87.51386215884716
4.18870318344127,0.4669411949879438,24.240970178080406,0.4733,4.436,4440.438,86.4117249581973,87.51386215884716
4.188781104103202,0.4666219612847551,24.24028534862297,0.4739,4.436,4444.391,86.44099899686347,87.51386215884716
4.189012380371267,0.4670335482515292,24.245055919374234,0.4728,4.436,4448.329,86.47018767603771,87.51386215884716
4.188848125754736,0.4679214359305921,24.24215672311645,0.4733,4.436,4452.25,86.49930560193324,87.51386215884716
4.189093646112129,0.4645218664951692,24.24443472747388,0.4733,4.436,4456.25,86.52879438202388,87.51386215884716
4.189176445546126,0.4666605995951917,24.253016283067044,0.4722,4.436,4460.188,86.55795975263985,87.51386215884716
4.189287078715526,0.4667347449980142,24.244811373409853,0.4728,4.436,4464.125,86.5871223498833,87.51386215884716
4.1895391658391405,0.4647514686704658,24.239817760474075,0.4722,4.436,4468.125,86.6166257055807,87.51386215884716
4.189457074122678,0.4648342223798837,24.23947138746383,0.4722,4.436,4472.063,86.64567693120902,87.51386215884716
4.189544253038201,0.4638054126757608,24.247475485458647,0.4712,4.436,4476.016,86.67477427062029,87.51386215884716
4.189859844098925,0.4649838203100633,24.23983083124861,0.4717,4.436,4480.0,86.70417430404257,87.51386215884716
4.187365347464162,0.446684843644119,24.23568622057241,0.4518,4.423,4483.954,86.73220465495878,87.51386215884716
4.187499736972298,0.4448883498492592,24.24097908866112,0.4512,4.423,4487.907,86.76011521176103,87.51386215884716
4.187503853037446,0.4431858445377755,24.24400746914877,0.4518,4.423,4491.907,86.78824953836974,87.51386215884716
4.18761554071925,0.4434883953117874,24.23844278187333,0.4507,4.423,4495.844,86.81595965336166,87.51386215884716
4.1876298622068,0.4468221077627755,24.24146367033065,0.4512,4.423,4499.782,86.84388515721524,87.51386215884716
4.187638485900545,0.4449391947686154,24.23769505395173,0.4501,4.423,4503.766,86.87201780748327,87.51386215884716
4.187860971896764,0.4458317785066637,24.24634092160854,0.4507,4.423,4507.75,86.90020689410582,87.51386215884716
4.187950503117399,0.4450787348014399,24.24121006613552,0.4507,4.423,4511.672,86.92791042261024,87.51386215884716
4.188086313279944,0.4454486160194479,24.242038400540693,0.4507,4.423,4515.672,86.95618839449256,87.51386215884716
4.188199439449374,0.446321696618034,24.24699985318254,0.4501,4.423,4519.625,86.98418887387072,87.51386215884716
4.188217619671961,0.4438705467288768,24.251110397313028,0.4501,4.423,4523.547,87.01181719978717,87.51386215884716
4.18846034298713,0.4450061926460225,24.245895739255243,0.4501,4.423,4527.547,87.04006708574607,87.51386215884716
4.188304069735584,0.4432151637583176,24.252842572399825,0.4491,4.423,4531.5,87.06787267339047,87.51386215884716
4.188567987095293,0.4438180217894909,24.25127099590651,0.4496,4.423,4535.438,87.09561042777291,87.51386215884716
4.1887547693030776,0.4429614771669321,24.261062878078835,0.4491,4.423,4539.454,87.12384299142401,87.51386215884716
4.188727820840191,0.4423280927134152,24.26546472081597,0.4491,4.423,4543.407,87.151592927697,87.51386215884716
4.18897054509519,0.4408494828869852,24.270130962918625,0.4485,4.423,4547.344,87.17913815772796,87.51386215884716
4.188968039153566,0.4431743021054171,24.27797198657396,0.4491,4.423,4551.375,87.20748978695241,87.51386215884716
4.189183815704059,0.4409930859994411,24.26584562222262,0.4491,4.423,4555.313,87.23505098839817,87.51386215884716
4.189357569820452,0.442149431944738,24.2667165385252,0.4485,4.423,4559.25,87.26267744206037,87.51386215884716
4.189183970026424,0.4414317400112563,24.262855956726195,0.4475,4.423,4563.235,87.29059532844732,87.51386215884716
4.189416021478093,0.4420769829154969,24.26330187985492,0.4475,4.423,4567.188,87.31832951107273,87.51386215884716
4.18968816125544,0.4423487819630183,24.25865678756502,0.4469,4.423,4571.125,87.34596842055562,87.51386215884716
4.18717967333242,0.4196181859336256,24.26496349655282,0.428,4.411,4575.125,87.37260662491053,87.51386215884716
4.187217709378732,0.4226144345466912,24.25207017455613,0.4275,4.411,4579.079,87.39912651039839,87.51386215884716
4.187257718889212,0.420941737352733,24.254265701017147,0.4275,4.411,4583.063,87.42574184754872,87.51386215884716
4.187386044531874,0.4189937033050158,24.25477186760098,0.428,4.411,4587.016,87.45202787540232,87.51386215884716
4.187421100705691,0.4210566405002405,24.264977136828936,0.4275,4.411,4590.954,87.478343088174,87.51386215884716
4.187507049138657,0.419340674111439,24.266051391422845,0.4264,4.411,4594.938,87.50485719317227,87.51386215884716
4.187497278324852,0.4196759323795579,24.269725576488742,0.4264,4.411,4598.891,87.53118602141241,87.51386215884716
4.187564419401056,0.4196153350339899,24.282187445677124,0.4264,4.411,4602.829,87.5574111554242,87.51386215884716
4.187799209012477,0.4214858804704255,24.27269872558975,0.427,4.411,4606.813,87.58406089769822,87.51386215884716
4.187843066303657,0.420959522640076,24.259382076693058,0.427,4.411,4611.047,87.61234756907184,87.51386215884716
4.187923768250991,0.4180429079830292,24.25338352727336,0.4259,4.411,4615.032,87.63878625336231,87.51386215884716
4.188063171979099,0.4204070881859547,24.243634896963773,0.4264,4.411,4618.985,87.66516095146098,87.51386215884716
4.188182135492055,0.4196163856565561,24.24235914577794,0.4264,4.411,4622.985,87.69179904153069,87.51386215884716
4.188054979185898,0.4185868183594129,24.2440055429006,0.4264,4.411,4626.938,87.71805954301259,87.51386215884716
4.188201636145269,0.4196059178879948,24.24487118015879,0.4264,4.411,4630.875,87.74427742911487,87.51386215884716
4.188390394803716,0.4182555321877139,24.25347901719113,0.4248,4.411,4634.86,87.77072956059966,87.51386215884716
4.18860155162934,0.4191707622690821,24.257959592791146,0.4248,4.411,4638.813,87.79702669644087,87.51386215884716
4.188578089925859,0.4187753656108792,24.261775756621603,0.4254,4.411,4642.75,87.82319268783891,87.51386215884716
4.188576466505518,0.4179887075887316,24.27413900749504,0.4248,4.411,4646.782,87.84993972773356,87.51386215884716
4.18880369042948,0.4178062804085305,24.27143330877492,0.4243,4.411,4650.735,87.87615126131413,87.51386215884716
4.188887296974633,0.4188035295055126,24.26076586117633,0.4243,4.411,4654.672,87.90231901245329,87.51386215884716
4.1892631789060575,0.4188930372845004,24.272345083959262,0.4248,4.411,4658.657,87.9288114622778,87.51386215884716
4.189097399469477,0.4183198890186527,24.267726156675057,0.4237,4.411,4662.625,87.9551548018528,87.51386215884716
4.1892285246585255,0.4168977625666087,24.261760033464935,0.4232,4.411,4666.563,87.98121009292466,87.51386215884716
4.189308995975362,0.4184979050114455,24.26687165906587,0.4243,4.411,4670.563,88.00777717959892,87.51386215884716
4.189530028598309,0.416967262079515,24.26825471293049,0.4237,4.411,4674.5,88.0338301967742,87.51386215884716
4.189607453129304,0.4140610925609339,24.267782184885668,0.4237,4.411,4678.438,88.05970820154397,87.51386215884716
4.1897568210096745,0.4162367082062841,24.284615637880496,0.4227,4.411,4682.438,88.08613174290825,87.51386215884716
4.189948821740354,0.4180587296072807,24.274647529688835,0.4221,4.411,4686.391,88.1123591141652,87.51386215884716
4.190004789936921,0.4172670766355303,24.28608375799836,0.4221,4.411,4690.313,88.13833153083588,87.51386215884716
4.190161232560638,0.415319067408278,24.28400890526125,0.4221,4.411,4694.344,88.16490114950074,87.51386215884716
4.1902047264011495,0.4165547434582164,24.278695368917997,0.4221,4.411,4698.282,88.19093500255225,87.51386215884716
4.190301986039639,0.4140458868956342,24.277423154789226,0.4221,4.411,4702.219,88.2168054858819,87.51386215884716
4.190458371336052,0.4154686517730128,24.272722501423925,0.4221,4.411,4706.204,88.24308136404429,87.51386215884716
4.190528390931024,0.4150027059416098,24.282716155314557,0.421,4.411,4710.157,88.26911701231694,87.51386215884716
4.190481253959897,0.4161761689950386,24.287402637809564,0.4216,4.411,4714.125,88.29532535294491,87.51386215884716
4.1907655778432105,0.4148284276656798,24.27622724728972,0.421,4.411,4718.125,88.32165949383491,87.51386215884716
4.188540681857309,0.3958189052570351,24.277235479358165,0.4016,4.398,4722.079,88.34649790725211,87.51386215884716
4.188350005093935,0.3952689631403922,24.272779946228106,0.4011,4.398,4726.016,88.37119516773771,87.51386215884716
4.188574778557202,0.3950121189842376,24.27414762222634,0.4016,4.398,4730.0,88.39617102494624,87.51386215884716
4.188597302136128,0.3952204160909648,24.270554188070903,0.4011,4.398,4733.954,88.42097188199325,87.51386215884716
4.188610478287704,0.3953431393786432,24.27980693922112,0.4011,4.398,4737.891,88.4456737771708,87.51386215884716
4.188657612798884,0.3951646183976659,24.276210670350267,0.4006,4.398,4741.875,88.4706592766242,87.51386215884716
4.188734268977898,0.3943618250741676,24.275615188088143,0.4006,4.398,4745.86,88.49560027571839,87.51386215884716
4.188874385997235,0.3931178944649228,24.276250719505665,0.4011,4.398,4749.797,88.52016313277657,87.51386215884716
4.189015096314187,0.3916281909373595,24.275520027403324,0.4,4.398,4753.797,88.54502447609069,87.51386215884716
4.189420555095757,0.3940689651420571,24.27659069768344,0.4006,4.398,4757.735,88.56965301217576,87.51386215884716
4.189103900859,0.3939742173985587,24.273994386393777,0.4,4.398,4761.688,88.59436941523973,87.51386215884716
4.189247871015992,0.3953819773381524,24.27302477507841,0.4006,4.398,4765.672,88.61936865788122,87.51386215884716
4.189307798690702,0.394606583336416,24.28289708843716,0.4,4.398,4769.625,88.64412473311334,87.51386215884716
4.18939872601152,0.3929630733879771,24.2796761538706,0.3989,4.398,4773.594,88.66887748529012,87.51386215884716
4.189561747279668,0.3918710233637979,24.27479907299962,0.3995,4.398,4777.594,88.69375424409387,87.51386215884716
4.187279575931746,0.3723828635646454,24.27735971745497,0.3795,4.385,4781.532,88.71702744143755,87.51386215884716
4.187053828738365,0.3755363031218205,24.282594813501955,0.3795,4.385,4785.485,88.74058712180036,87.51386215884716
4.187195927480586,0.3722371708221688,24.278393715034262,0.379,4.385,4789.469,88.76412296280208,87.51386215884716
4.1874795039495645,0.3753670771330064,24.285927756935607,0.379,4.385,4793.422,88.78767202658754,87.51386215884716
4.187237931105743,0.3721109170566389,24.27470073771344,0.3801,4.385,4797.36,88.81092822780879,87.51386215884716
4.187211428541711,0.3707353178484214,24.282226096671177,0.379,4.385,4801.344,88.834369109533,87.51386215884716
4.187303335767601,0.3706216934301505,24.27951379460906,0.3795,4.385,4805.329,88.85780868895577,87.51386215884716
4.187177668866999,0.3720192383440162,24.283002446694955,0.379,4.385,4809.266,88.88105325630566,87.51386215884716
4.187436095249118,0.3740797273416846,24.27376455065849,0.379,4.385,4813.266,88.9048005879419,87.51386215884716
4.187549675858647,0.3724797463900177,24.27340074745949,0.3795,4.385,4817.204,88.9280798402718,87.51386215884716
4.1875690148540805,0.3708414980275437,24.27471417989913,0.3785,4.385,4821.188,88.95152743556471,87.51386215884716
4.187757224438883,0.3715859947318221,24.275866710026783,0.3785,4.385,4825.235,88.97539363108923,87.51386215884716
4.188012878891481,0.3715815124846507,24.271135336339487,0.3779,4.385,4829.172,88.99861084837985,87.51386215884716
4.187956007809683,0.3706606577920974,24.27441736430788,0.3779,4.385,4833.172,89.02214113062115,87.51386215884716
4.188076489444919,0.369816264074883,24.27097014486597,0.3779,4.385,4837.157,89.04552977151097,87.51386215884716
4.188068708856767,0.3722073148301792,24.262087627292,0.3774,4.385,4841.094,89.06878609028686,87.51386215884716
4.188187573268826,0.3703792447390516,24.270236093592715,0.3785,4.385,4845.079,89.092210336297,87.51386215884716
4.18824332240776,0.3727775749782056,24.27242458000375,0.3774,4.385,4849.032,89.115596944835,87.51386215884716
4.188276993012162,0.3717381365410511,24.261383682525477,0.3774,4.385,4853.125,89.13974429696314,87.51386215884716
4.188423927676766,0.3703043073868708,24.258531089107013,0.3768,4.385,4857.375,89.1647211861409,87.51386215884716
4.188508320780022,0.371056987032919,24.262166207381856,0.3768,4.385,4861.563,89.18938373393237,87.51386215884716
4.188533774595944,0.3711508037053092,24.265629269740806,0.3768,4.385,4865.516,89.21266828519681,87.51386215884716
4.188779954534993,0.3714293414566241,24.263578030072885,0.3774,4.385,4869.547,89.23643010288802,87.51386215884716
4.188824498202131,0.3699576917335879,24.260065269835483,0.3763,4.385,4873.5,89.25963980296908,87.51386215884716
4.188822491407098,0.3666743965430816,24.264631846460983,0.3768,4.385,4877.438,89.28255623233947,87.51386215884716
4.188891265021133,0.3683300918286464,24.26933338755526,0.3758,4.385,4881.438,89.3059385655774,87.51386215884716
4.1891019800468925,0.367314541752859,24.26968537645188,0.3758,4.385,4885.375,89.32888917329967,87.51386215884716
4.189198824400423,0.3708390058846082,24.26356559013024,0.3763,4.385,4889.329,89.35216004898814,87.51386215884716
4.189267759373939,0.3701481148266661,24.258974358064695,0.3758,4.385,4893.344,89.37574591051731,87.51386215884716
4.18942142999631,0.368962138325693,24.263185312056,0.3758,4.385,4897.297,89.3988931534674,87.51386215884716
4.189428475837516,0.3691161674863343,24.26054213708502,0.3747,4.385,4901.235,89.42196218872434,87.51386215884716
4.1896319484043865,0.3686320020656699,24.267619730804174,0.3752,4.385,4905.235,89.44536368782985,87.51386215884716
4.187234764229722,0.3484966587086089,24.250932729398272,0.3558,4.373,4909.172,89.46713851348304,87.51386215884716
4.1871527950379575,0.3483260463200436,24.260186225829965,0.3547,4.373,4913.125,89.48899112865,87.51386215884716
4.187124314125487,0.348797492814086,24.254874538071995,0.3558,4.373,4917.11,89.51105045944526,87.51386215884716
4.187221125811535,0.3508025155869624,24.255130439237096,0.3553,4.373,4921.047,89.53296936002786,87.51386215884716
4.187131847214742,0.3484579997750621,24.252389027633125,0.3547,4.373,4925.0,89.55483025343902,87.51386215884716
4.187380436027123,0.3510800595352962,24.252695160789617,0.3547,4.373,4928.922,89.57668291831865,87.51386215884716
4.1874767059260405,0.3496967904619078,24.25179577474188,0.3547,4.373,4932.907,89.59879912424837,87.51386215884716
4.187395198120652,0.3491894584083727,24.25384942224133,0.3547,4.373,4936.86,89.62070590651624,87.51386215884716
4.1875418267254965,0.3471949517464244,24.254254209049854,0.3542,4.373,4940.813,89.64248756122906,87.51386215884716
4.187586362727655,0.3481610133831985,24.24723389903843,0.3547,4.373,4944.782,89.66441823071307,87.51386215884716
4.1876872631436965,0.3495247603928143,24.24428239372064,0.3547,4.373,4948.719,89.68625729438507,87.51386215884716
4.187758761804522,0.3473961534157107,24.24556938674998,0.3537,4.373,4952.657,89.70796887143639,87.51386215884716
4.187625912596891,0.3459503905358796,24.244165416643327,0.3542,4.373,4956.688,89.73010069892713,87.51386215884716
4.187884718964741,0.347203765536463,24.254364965313844,0.3537,4.373,4960.625,89.75179474181608,87.51386215884716
4.188062832296019,0.345887434732848,24.256210074707504,0.3542,4.373,4964.579,89.77349985742728,87.51386215884716
4.188140825842992,0.3472746871839965,24.24661777723092,0.3531,4.373,4968.563,89.79545736855769,87.51386215884716
4.1882117329761455,0.3491000914846124,24.241084959890728,0.3531,4.373,4972.516,89.81735854429394,87.51386215884716
4.188391195607199,0.3444264961725775,24.24462753685311,0.3537,4.373,4976.454,89.83888452360212,87.51386215884716
4.188346810384052,0.3475478901033375,24.24703283742857,0.3526,4.373,4980.454,89.86094756097762,87.51386215884716
4.188528728484751,0.3471567143003157,24.24255297443633,0.3531,4.373,4984.485,89.88315656181513,87.51386215884716
4.188450628448639,0.344242987881134,24.24743500996505,0.3526,4.373,4988.485,89.90500979736669,87.51386215884716
4.188659114067204,0.3461211563434394,24.249238103027213,0.3531,4.373,4992.438,89.92672408635146,87.51386215884716
4.188729179270189,0.3460659189509662,24.24780396494306,0.3531,4.373,4996.391,89.94843490995807,87.51386215884716
4.188635931896888,0.3448856706908636,24.2432737247223,0.3526,4.373,5000.313,89.9699020106341,87.51386215884716
4.188848039609974,0.3465485565078487,24.25242967079864,0.352,4.373,5004.313,89.99190160830793,87.51386215884716
4.188961570910499,0.3432556716510837,24.25298654509844,0.352,4.373,5008.235,90.01326725114892,87.51386215884716
4.188982655732641,0.3466826738403336,24.25277111126325,0.3515,4.373,5012.172,90.03492873510064,87.51386215884716
4.189128763067,0.3458522584645406,24.259581134835404,0.352,4.373,5016.094,90.05645600016973,87.51386215884716
4.189102536630895,0.3448619441887289,24.262876786028425,0.351,4.373,5020.125,90.07851819540265,87.51386215884716
4.189146429417102,0.3446891583702886,24.2655268953097,0.351,4.373,5024.063,90.10006059058213,87.51386215884716
4.189287677276492,0.3448222947220716,24.274247096964597,0.3515,4.373,5028.016,90.12169339406368,87.51386215884716
4.1896640993501295,0.3449680469347853,24.265962011197864,0.351,4.373,5032.0,90.1435050607637,87.51386215884716
4.189473581353606,0.3451541463335949,24.271048038011077,0.351,4.373,5035.954,90.1651641610882,87.51386215884716
4.189730533530892,0.3434101870154963,24.2752296787858,0.3499,4.373,5039.891,90.1866211729789,87.51386215884716
4.189826243928322,0.3400213297925401,24.272339586944277,0.351,4.373,5043.875,90.20812006825987,87.51386215884716
4.190003908681068,0.345926732475849,24.26859345970224,0.3504,4.373,5047.829,90.2298276498816,87.51386215884716
4.190049005562839,0.3465777449846937,24.27811486866512,0.3494,4.373,5051.766,90.25148257765127,87.51386215884716
4.19023525258227,0.342080268016613,24.27274578206566,0.3499,4.373,5055.688,90.27277505854238,87.51386215884716
4.190250751232339,0.3415702334889288,24.269341813881518,0.3488,4.373,5059.688,90.29445862228258,87.51386215884716
4.190418527931692,0.3437217012176308,24.2709112740709,0.3494,4.373,5063.625,90.31593509825498,87.51386215884716
4.190502708270596,0.3457730145730548,24.266185205066275,0.3488,4.373,5067.563,90.33754523231767,87.51386215884716
4.1906272946114,0.343436312110675,24.27203921937418,0.3488,4.373,5071.563,90.35934725847282,87.51386215884716
4.187953299230561,0.3248781113494431,24.277677008032928,0.3283,4.36,5075.516,90.37972884181548,87.51386215884716
4.188105765063747,0.3234357230224032,24.27837161207966,0.3294,4.36,5079.454,90.39994293904283,87.51386215884716
4.188098100423661,0.3227611317939325,24.276770859843342,0.3294,4.36,5083.438,90.4203505051724,87.51386215884716
4.188200006006231,0.3218858139214881,24.2655325123139,0.3294,4.36,5087.407,90.44062609929509,87.51386215884716
4.188390829934298,0.3228281632893889,24.25284396156608,0.3283,4.36,5091.344,90.46079710178793,87.51386215884716
4.188280328319657,0.323665304226952,24.252243774583608,0.3294,4.36,5095.329,90.48126697373364,87.51386215884716
4.188229704527517,0.3205008834277293,24.24945159697893,0.3289,4.36,5099.282,90.5013739468992,87.51386215884716
4.188419369144266,0.324037812272058,24.251895437354737,0.3283,4.36,5103.266,90.52186223508205,87.51386215884716
4.188637025512084,0.3213662711964928,24.261613762692704,0.3289,4.36,5107.25,90.54218160685646,87.51386215884716
4.188688142390176,0.3217043946535233,24.25840418159287,0.3283,4.36,5111.204,90.56236918922407,87.51386215884716
4.188567944653093,0.3203331499850073,24.266241597537697,0.3283,4.36,5115.141,90.58238429788452,87.51386215884716
4.1886506404419865,0.3222076584036292,24.25281841875869,0.3283,4.36,5119.141,90.60283868650968,87.51386215884716
4.188729298200885,0.3201279238923564,24.262701748873177,0.3283,4.36,5123.079,90.62284605279031,87.51386215884716
4.188732857899644,0.321853659651545,24.25897044947924,0.3273,4.36,5127.032,90.64303789385058,87.51386215884716
4.188986577003033,0.323811407093335,24.26054172976333,0.3278,4.36,5131.016,90.66351186686904,87.51386215884716
4.189043909105791,0.3199739311964223,24.265902306624493,0.3273,4.36,5134.985,90.68366703145907,87.51386215884716
4.188992503573777,0.3221662056730396,24.26914121025262,0.3267,4.36,5138.922,90.70379667340706,87.51386215884716
4.18909308655724,0.3227356635387257,24.25818348886505,0.3273,4.36,5142.907,90.72420775120466,87.51386215884716
4.189101841125854,0.3214223450726805,24.259473989326416,0.3267,4.36,5146.86,90.74437253327348,87.51386215884716
4.189204000764304,0.320787393202919,24.25818072356472,0.3267,4.36,5150.797,90.7644160240335,87.51386215884716
4.189282227731853,0.3219788636301995,24.266791607133893,0.3273,4.36,5154.797,90.78485588830742,87.51386215884716
4.189451923584152,0.3191226151985692,24.26337267663785,0.3262,4.36,5158.735,90.80480042476982,87.51386215884716
4.189446091596646,0.3209994187492028,24.266604720805525,0.3267,4.36,5162.688,90.82493867409357,87.51386215884716
4.189570964605754,0.3207666437988519,24.25828916611831,0.3256,4.36,5166.672,90.8452201325799,87.51386215884716
4.189583649364448,0.3197976324419982,24.27352935206056,0.3262,4.36,5170.61,90.86520685629381,87.51386215884716
4.1898606650118,0.3202787877534921,24.27266368899161,0.3256,4.36,5174.547,90.88521856828434,87.51386215884716
4.189769523396986,0.3204851811659689,24.27469304230186,0.3262,4.36,5178.485,90.90524826244265,87.51386215884716
4.189743655651218,0.31927356303653,24.276480783222954,0.3251,4.36,5182.469,90.92543531630157,87.51386215884716
4.190162731353177,0.3187030853199878,24.276835279942087,0.3256,4.36,5186.407,90.94535363297084,87.51386215884716
4.19013992243213,0.3188224340116981,24.27115836461912,0.3246,4.36,5190.36,90.96535530677806,87.51386215884716
4.190271009683081,0.3177713213260216,24.27112466670468,0.3256,4.36,5194.344,90.9854473767804,87.51386215884716
4.190296459567937,0.3195126386848358,24.26468660642711,0.3251,4.36,5198.297,91.00549235133204,87.51386215884716
4.19052343016835,0.317074488096032,24.275541972244064,0.324,4.36,5202.235,91.02530888387456,87.51386215884716
4.190506509737738,0.318302902050638,24.271793181501064,0.324,4.36,5206.172,91.04519713824902,87.51386215884716
4.190794491725248,0.3171973064752491,24.264638829926493,0.3246,4.36,5210.157,91.06525794847576,87.51386215884716
4.188310456053984,0.2986589289047532,24.26458605090293,0.3052,4.347,5214.11,91.0839946427554,87.51386215884716
4.187994115820645,0.2986884191852678,24.26626126345081,0.3041,4.347,5218.047,91.1026573417795,87.51386215884716
4.188079252016132,0.2982536822953762,24.27392550891755,0.3052,4.347,5222.047,91.12159108394063,87.51386215884716
4.188174978069132,0.2982426005241443,24.264913172619583,0.3046,4.347,5225.985,91.14023066050935,87.51386215884716
4.1881016999743,0.2993232846774755,24.27169521243436,0.3041,4.347,5229.969,91.15915629660506,87.51386215884716
4.188359249736302,0.2961292808620833,24.26097949902737,0.3046,4.347,5233.985,91.17803037302444,87.51386215884716
4.188299368096803,0.2971006808090014,24.269554529453597,0.3041,4.347,5237.938,91.19666930890695,87.51386215884716
4.188510360584126,0.3003908591290047,24.268330116498177,0.3041,4.347,5241.875,91.21543838006411,87.51386215884716
4.1883453687092045,0.3011403119921049,24.26734998737065,0.3041,4.347,5245.875,91.23455537127008,87.51386215884716
4.18836550751504,0.2966160526000638,24.26383207984595,0.3035,4.347,5249.813,91.25309329178924,87.51386215884716
4.1886763976777965,0.2986155662516821,24.262659599911544,0.3041,4.347,5253.766,91.27182726566545,87.51386215884716
4.188576315377787,0.2976209720269717,24.26013988428574,0.3041,4.347,5257.75,91.29064526780353,87.51386215884716
4.188837682159181,0.2982970160687884,24.25801236450481,0.3035,4.347,5261.688,91.30928824523686,87.51386215884716
4.188735446138477,0.2990425449815063,24.25623963648893,0.3035,4.347,5265.641,91.3280490060903,87.51386215884716
4.188931112350559,0.2965791132236595,24.247597159565338,0.303,4.347,5269.563,91.3465093082224,87.51386215884716
4.188852430100585,0.2961351688845324,24.260869685425188,0.3035,4.347,5273.563,91.36530856290167,87.51386215884716
4.18930539250504,0.2992275567439488,24.25830120520033,0.3025,4.347,5277.5,91.38400494840754,87.51386215884716
4.189208968967272,0.2968488630849931,24.25244895999659,0.3035,4.347,5281.438,91.40255741912462,87.51386215884716
4.189030644252573,0.2951624815697959,24.261890667746123,0.3025,4.347,5285.438,91.42129492566158,87.51386215884716
4.18926199420813,0.2978662264153766,24.259753309257373,0.3025,4.347,5289.375,91.43990625230154,87.51386215884716
4.189245217751615,0.2970212452389313,24.250539110254213,0.303,4.347,5293.313,91.45846949656456,87.51386215884716
4.189444662225454,0.2993216519512331,24.25721366801607,0.3019,4.347,5297.313,91.4774710355822,87.51386215884716
4.189470504198964,0.2957282200785293,24.25283235409581,0.3014,4.347,5301.282,91.49609896232394,87.51386215884716
4.189500019471758,0.2958092971867713,24.248146699330267,0.3025,4.347,5305.219,91.51458176757292,87.51386215884716
4.189432880635307,0.2984466114276505,24.25256464668674,0.3014,4.347,5309.219,91.53352775726246,87.51386215884716
4.189667122971498,0.2952674354393876,24.24201623386667,0.3025,4.347,5313.157,91.55198139185875,87.51386215884716
4.189706703592489,0.2956028662005239,24.244137743815585,0.3014,4.347,5317.094,91.57045129885283,87.51386215884716
4.189741460782092,0.2933837859986831,24.243768757451832,0.3019,4.347,5321.094,91.5890758902262,87.51386215884716
4.189719956924654,0.2964166397496683,24.24841128794476,0.3014,4.347,5325.032,91.60760134783402,87.51386215884716
4.189962443648,0.2950076983351514,24.2432036871099,0.3008,4.347,5328.985,91.62610897817379,87.51386215884716
4.1900020860210905,0.295712417776226,24.2431614596563,0.3014,4.347,5332.907,91.6445153336215,87.51386215884716
4.190104853874373,0.2955169600187609,24.23258809930385,0.3003,4.347,5336.891,91.66320030312347,87.51386215884716
4.19020018417923,0.2944944942995176,24.22938745572372,0.3008,4.347,5340.844,91.68167573704726,87.51386215884716
4.190136548778774,0.2937591412226452,24.231429012521588,0.3003,4.347,5344.782,91.70003510621838,87.51386215884716
4.190482980658406,0.2940514412009851,24.23205159250628,0.3003,4.347,5348.782,91.71870208168357,87.51386215884716
4.190406645077183,0.295842914182634,24.22790785060756,0.3008,4.347,5352.719,91.73718698739522,87.51386215884716
4.190547902551963,0.2947440962904399,24.241639173202067,0.2998,4.347,5356.672,91.75567808037266,87.51386215884716
4.190699701615936,0.2942186010521596,24.22927349770544,0.3003,4.347,5360.657,91.77428562652894,87.51386215884716
4.188270697436276,0.2736601057256632,24.230978298327784,0.2804,4.335,5364.625,91.79151913916486,87.51386215884716
4.18812113158731,0.2741115904574675,24.23112786071062,0.2798,4.335,5368.563,91.80865057501514,87.51386215884716
4.188176595096618,0.2737924453462315,24.22582695660157,0.2809,4.335,5372.563,91.8260314687763,87.51386215884716
4.188193390998604,0.2739998843071631,24.2260164838646,0.2798,4.335,5376.5,91.84315157469607,87.51386215884716
4.188237566977081,0.2730716348080121,24.232567012874576,0.2804,4.335,5380.438,91.8602180153615,87.51386215884716
4.188242153028443,0.2743228032230948,24.229798614213276,0.2804,4.335,5384.438,91.8776325773048,87.51386215884716
4.188171143986572,0.2712704458081207,24.224667628721104,0.2804,4.335,5388.391,91.89465102516718,87.51386215884716
4.188134839938845,0.2710936202563363,24.2280175644369,0.2798,4.335,5392.36,91.91172721795309,87.51386215884716
4.188340261567178,0.2744317528317938,24.23288510499668,0.2804,4.335,5396.36,91.92914869623614,87.51386215884716
4.188371014221109,0.2738974356637628,24.228393653917774,0.2793,4.335,5400.297,91.94626240094289,87.51386215884716
4.188501740706252,0.2734060944462034,24.228159709041133,0.2798,4.335,5404.266,91.96348425652616,87.51386215884716
4.188444759116466,0.2719201736361625,24.233517471414995,0.2793,4.335,5408.266,91.98074629472268,87.51386215884716
4.188583777612366,0.2741832355088159,24.234693882143123,0.2793,4.335,5412.219,91.99794747963007,87.51386215884716
4.18860421669522,0.2734088385548568,24.229529062261506,0.2787,4.335,5416.157,92.01503499486716,87.51386215884716
4.1888067501258055,0.27374321518053,24.23748589483109,0.2798,4.335,5420.157,92.03241276339864,87.51386215884716
4.188738056481809,0.273637196214514,24.234896386867792,0.2793,4.335,5424.11,92.04957969193417,87.51386215884716
4.188774653099922,0.2738248678985823,24.231010761456204,0.2782,4.335,5428.047,92.06668886244987,87.51386215884716
4.188829385548589,0.2721853024922171,24.229868958154828,0.2787,4.335,5432.047,92.08396773155812,87.51386215884716
4.188941021379489,0.2743542084032232,24.23156686865103,0.2782,4.335,5436.016,92.1012493088593,87.51386215884716
4.188991937063462,0.269721157771126,24.230312839655813,0.2787,4.335,5439.954,92.11810635129267,87.51386215884716
4.189105023880175,0.270484928654369,24.23284380676249,0.2787,4.335,5443.954,92.13527727725813,87.51386215884716
4.189280333465662,0.2716437446460479,24.23092162335908,0.2787,4.335,5447.907,92.15231914443106,87.51386215884716
4.189226758702144,0.2714512536714302,24.228487641864984,0.2777,4.335,5451.844,92.1692800063915,87.51386215884716
4.18901032655665,0.2725991022039818,24.230487341654836,0.2777,4.335,5455.844,92.18658514433571,87.51386215884716
4.189240648776587,0.2699935182553625,24.232207066334382,0.2782,4.335,5459.829,92.20366060059465,87.51386215884716
4.189475416723624,0.2748702341686414,24.22842684470193,0.2777,4.335,5463.875,92.22131058166322,87.51386215884716
4.189460184401446,0.2708653039994659,24.21726506677347,0.2771,4.335,5467.829,92.23830791127976,87.51386215884716
4.189522756364909,0.2734046696013921,24.219329547741975,0.2777,4.335,5471.782,92.25546025200413,87.51386215884716
4.189611161469656,0.2701863143049107,24.2247619392674,0.2771,4.335,5475.782,92.27261222133154,87.51386215884716
4.18976100953273,0.2713985479152063,24.21784965954253,0.2771,4.335,5479.735,92.28963870581963,87.51386215884716
4.190046372406315,0.2698128575515058,24.213493441123603,0.2771,4.335,5483.672,92.30649719724373,87.51386215884716
4.189888098790308,0.2714380365234956,24.21466140320422,0.2771,4.335,5487.672,92.323728628409,87.51386215884716
4.189880535385035,0.2695406601652975,24.199444144139967,0.2771,4.335,5491.625,92.34063855627879,87.51386215884716
4.190045154052526,0.2720230021235383,24.20178363384292,0.2761,4.335,5495.563,92.35763945946171,87.51386215884716
4.190269361458624,0.2677813676078246,24.20284729376933,0.2766,4.335,5499.5,92.3743710189964,87.51386215884716
4.190098213810513,0.2700888752368829,24.20497448605669,0.2771,4.335,5503.485,92.3914525060074,87.51386215884716
4.190316262189678,0.2715698419901603,24.20942073341384,0.2766,4.335,5507.438,92.40848973681646,87.51386215884716
4.190428146452153,0.2724543298519264,24.205458571035827,0.2766,4.335,5511.391,92.42558245693812,87.51386215884716
4.190326619344036,0.2723454416021831,24.2007900388322,0.2761,4.335,5515.375,92.44280233585813,87.51386215884716
4.190457906737322,0.2713693644268538,24.19466977120378,0.2761,4.335,5519.329,92.45983129625611,87.51386215884716
4.190690407319197,0.2701590941873856,24.1983021313597,0.275,4.335,5523.282,92.4767800222601,87.51386215884716
4.188196579559358,0.2494825872164772,24.193627870630305,0.2561,4.322,5527.266,92.49255432683171,87.51386215884716
4.188212121685877,0.249407892001775,24.190651305063167,0.2556,4.322,5531.25,92.50832390856843,87.51386215884716
4.188092427876434,0.2490255777045598,24.19333224875239,0.2556,4.322,5535.204,92.52395075248198,87.51386215884716
4.188002007344784,0.2490785558980583,24.19272630776732,0.2556,4.322,5539.204,92.53976275895562,87.51386215884716
4.188225480409909,0.2480494548740326,24.18431030602332,0.2556,4.322,5543.157,92.55532441257586,87.51386215884716
4.188209240182153,0.2505803893063915,24.18555308226325,0.2556,4.322,5547.094,92.57098121775003,87.51386215884716
4.188224782921741,0.2508597989948832,24.19543198052457,0.2561,4.322,5551.094,92.5869063011093,87.51386215884716
4.188280045713782,0.2484515622631587,24.18989540445229,0.2556,4.322,5555.047,92.602493181376,87.51386215884716
4.188344094763932,0.2475723881291252,24.18889981896882,0.255,4.322,5559.0,92.61802490569266,87.51386215884716
4.188321807271817,0.248246332291683,24.190478713134453,0.2556,4.322,5563.016,92.63384711764301,87.51386215884716
4.188431426685142,0.2495202735079087,24.184435798434578,0.2556,4.322,5566.985,92.64956440486792,87.51386215884716
4.188280725869514,0.2472147021636832,24.18163884345062,0.2556,4.322,5570.938,92.66507368936466,87.51386215884716
4.188587974782932,0.2490262009367979,24.181848072923977,0.2556,4.322,5574.938,92.68088237224032,87.51386215884716
4.18859237544237,0.2494969529467731,24.191694305852927,0.255,4.322,5578.891,92.69653483623398,87.51386215884716
4.18851484099376,0.2498115011344793,24.19202331529193,0.255,4.322,5582.844,92.71220703375192,87.51386215884716
4.188571441542395,0.2493120549821132,24.18290540982321,0.255,4.322,5586.844,92.72803386321591,87.51386215884716
4.188573557855321,0.2480875701417847,24.186842421367125,0.255,4.322,5590.797,92.7435979080391,87.51386215884716
4.188758993033695,0.247533044334833,24.176164201595736,0.2545,4.322,5594.735,92.75906823697623,87.51386215884716
4.188832417676092,0.2473759045850549,24.18744516764897,0.255,4.322,5598.766,92.77489386109869,87.51386215884716
4.188942229019392,0.2495534369646951,24.18491399459768,0.255,4.322,5602.719,92.79054986867894,87.51386215884716
4.188800556228542,0.2474491215211751,24.181869463075657,0.254,4.322,5606.657,92.80601495260508,87.51386215884716
4.189099560818866,0.2481572668121779,24.17327972855752,0.254,4.322,5610.657,92.8217684737991,87.51386215884716
4.188858295539376,0.2472880034601509,24.176456595833336,0.254,4.322,5614.61,92.83728235693277,87.51386215884716
4.189241735019568,0.2480509670414548,24.18094317600776,0.254,4.322,5618.563,92.85284410542047,87.51386215884716
4.189239276612309,0.2468806428039458,24.181015380113028,0.2545,4.322,5622.563,92.86851658396105,87.51386215884716
4.189315655943186,0.2475855052250503,24.18048639616154,0.254,4.322,5626.516,92.88404913119305,87.51386215884716
4.189153119884304,0.2462654972733733,24.17810189159381,0.254,4.322,5630.454,92.8994402409292,87.51386215884716
4.189385291555712,0.2485204484468997,24.183994146152305,0.254,4.322,5634.391,92.91496833653916,87.51386215884716
4.189427847968784,0.2472012333090594,24.18097655652535,0.254,4.322,5638.391,92.93066116680824,87.51386215884716
4.1895857395312,0.2472871090270677,24.17509541200576,0.254,4.322,5642.344,92.94617499382866,87.51386215884716
4.18951516517292,0.2474811097031188,24.17255676756592,0.2529,4.322,5646.297,92.96170099169352,87.51386215884716
4.189573620198004,0.2477365385983748,24.168215633905746,0.2529,4.322,5650.297,92.97742780421639,87.51386215884716
4.189688260258447,0.2474906620378472,24.16945584030771,0.2529,4.322,5654.25,92.99295440135738,87.51386215884716
4.189767125925718,0.248932400570225,24.173336477153622,0.2523,4.322,5658.235,93.00869786936667,87.51386215884716
4.189821729578558,0.2473323907798966,24.174939654516635,0.2523,4.322,5662.235,93.02439902577515,87.51386215884716
4.18996321014988,0.2463952234726353,24.176166320560185,0.2523,4.322,5666.188,93.03985689938068,87.51386215884716
4.190123408657108,0.2434884495021258,24.18322148628517,0.2529,4.322,5670.172,93.05525220614324,87.51386215884716
4.190043658326808,0.2437955316430439,24.186149268683547,0.2529,4.322,5674.157,93.07067079827684,87.51386215884716
4.190033752993891,0.2465153548413254,24.18231890896424,0.2523,4.322,5678.11,93.08613620845504,87.51386215884716
4.190004599334732,0.2451866179543382,24.178577151439875,0.2529,4.322,5682.063,93.1015182588726,87.51386215884716
4.190110695733747,0.2439795253168107,24.18064418337268,0.2523,4.322,5686.063,93.11700656865438,87.51386215884716
4.1902132440687305,0.2456323867400042,24.177699141622824,0.2523,4.322,5690.0,93.13235421191689,87.51386215884716
4.190384466677335,0.2475196469816173,24.183347699909397,0.2523,4.322,5693.954,93.14788655572097,87.51386215884716
4.190671353448288,0.2457856014641211,24.181898764020254,0.2523,4.322,5697.954,93.16348951884024,87.51386215884716
4.187999021618696,0.2262735720551588,24.18798433370537,0.2313,4.309,5701.938,93.17779636198279,87.51386215884716
4.188084671619531,0.2261781853860681,24.186839195057534,0.2319,4.309,5705.891,93.19198589761075,87.51386215884716
4.188089473242598,0.224082369987419,24.175375897978604,0.2324,4.309,5709.891,93.20621109605104,87.51386215884716
4.187798787625464,0.2258768479114191,24.1764688041015,0.2319,4.309,5713.829,93.2203279552601,87.51386215884716
4.187993984640888,0.2273435647467631,24.179338332630817,0.2319,4.309,5717.782,93.23459060223578,87.51386215884716
4.188013695172767,0.2243508484026501,24.17137639104865,0.2313,4.309,5721.782,93.24883284422454,87.51386215884716
4.188057096268538,0.2264475212330517,24.173109988950173,0.2324,4.309,5725.719,93.26298177555924,87.51386215884716
4.188049841892176,0.2241961393041658,24.169945402145807,0.2313,4.309,5729.688,93.27710389504325,87.51386215884716
4.188206932095779,0.2241742439154769,24.164342846979896,0.2313,4.309,5733.688,93.29133492582483,87.51386215884716
4.188159442580189,0.224961542629331,24.16853810976404,0.2319,4.309,5737.641,93.3054481340399,87.51386215884716
4.187998639604924,0.2244629449751763,24.174230411978343,0.2313,4.309,5741.594,93.31953006218626,87.51386215884716
4.188086470933818,0.2254500210248831,24.174057866944736,0.2313,4.309,5745.594,93.33384208185844,87.51386215884716
4.188347723258564,0.2264799130767913,24.171019257821,0.2319,4.309,5749.547,93.3480505467028,87.51386215884716
4.188218019327275,0.2269618744734595,24.17465667732068,0.2313,4.309,5753.5,93.36228924792206,87.51386215884716
4.188455595187566,0.2255553074404275,24.18083671025347,0.2308,4.309,5757.5,93.37660795138714,87.51386215884716
4.188397962316356,0.2266768093882813,24.17269674527842,0.2313,4.309,5761.454,93.39083236621144,87.51386215884716
4.188377551480511,0.2249417059147986,24.18015414016764,0.2313,4.309,5765.407,93.40494432994855,87.51386215884716
4.1885196894817085,0.2268408916749649,24.174762016115103,0.2313,4.309,5769.407,93.41934464488018,87.51386215884716
4.188432952615497,0.2242766638569971,24.18010593960634,0.2313,4.309,5773.36,93.43341488647704,87.51386215884716
4.188451734762271,0.2278320313189351,24.17875570839939,0.2302,4.309,5777.313,93.44770817793692,87.51386215884716
4.188490613884379,0.2231706529235028,24.175648734511267,0.2313,4.309,5781.329,93.46193216803198,87.51386215884716
4.188704608423069,0.2245824627251121,24.18258097916201,0.2308,4.309,5785.266,93.47596456647368,87.51386215884716
4.188600488502682,0.2222910131502998,24.185877313883356,0.2302,4.309,5789.219,93.48991023610354,87.51386215884716
4.188775589672375,0.2249994395482525,24.18500825856756,0.2302,4.309,5793.219,93.50419365195953,87.51386215884716
4.188808321115313,0.2232860249347145,24.17774105958708,0.2308,4.309,5797.172,93.51820174474102,87.51386215884716
4.188886989193865,0.2244465771431335,24.174551389907045,0.2302,4.309,5801.125,93.53228264603355,87.51386215884716
4.188943070095699,0.224502062015012,24.17373700978411,0.2308,4.309,5805.125,93.54653448736582,87.51386215884716
4.189082380562366,0.2242065184106853,24.17839034152737,0.2302,4.309,5809.063,93.56054695426282,87.51386215884716
4.18910131045739,0.2251561460096685,24.183004034490107,0.2302,4.309,5813.0,93.57461519767803,87.51386215884716
4.189140717151968,0.2241118867559739,24.183471763851937,0.2292,4.309,5817.0,93.58884226990199,87.51386215884716
4.189187827306844,0.223384350990797,24.177939110347825,0.2302,4.309,5820.938,93.60280335295059,87.51386215884716
4.189285204994184,0.2241706804872852,24.181255350997148,0.2297,4.309,5824.875,93.61681002234666,87.51386215884716
4.18928538665988,0.224174881039214,24.17962706358112,0.2297,4.309,5828.86,93.63098772705702,87.51386215884716
4.18949527406743,0.2248926256271098,24.180320102778985,0.2292,4.309,5832.829,93.64515371822901,87.51386215884716
4.189515992902108,0.2240973781652636,24.170371973972067,0.2292,4.309,5836.766,93.6591558075373,87.51386215884716
4.189410610129926,0.2230298096181411,24.185379001473727,0.2292,4.309,5840.75,93.67325755381434,87.51386215884716
4.189455629554131,0.2217285135354149,24.191737774619703,0.2286,4.309,5844.704,93.68717145335886,87.51386215884716
4.189523015525427,0.2208951177170271,24.189469318887365,0.2292,4.309,5848.641,93.70097345850218,87.51386215884716
4.189542062219325,0.222771074449882,24.18146122142531,0.2281,4.309,5852.625,93.71505884545172,87.51386215884716
4.1897634418336365,0.2235811653094221,24.18054318639864,0.2292,4.309,5856.563,93.72903222900855,87.51386215884716
4.1896275730405685,0.2232452632220727,24.185227147680592,0.2281,4.309,5860.516,93.74303776455945,87.51386215884716
4.189826421228013,0.2220506449201157,24.179668760959856,0.2281,4.309,5864.438,93.75685910871717,87.51386215884716
4.190014744021967,0.2231093044860554,24.17903930106195,0.2286,4.309,5868.422,93.77096588130192,87.51386215884716
4.190114540576132,0.2224348404054622,24.191122674243964,0.2281,4.309,5872.375,93.7849205740918,87.51386215884716
4.189841974378742,0.2223834793031077,24.18433923629924,0.2281,4.309,5876.313,93.79881910462635,87.51386215884716
4.190056020576992,0.2227300654818128,24.177813595820712,0.2281,4.309,5880.297,93.81290189865761,87.51386215884716
4.190055620504031,0.2221780287749051,24.181927752575515,0.227,4.309,5884.235,93.8267875889378,87.51386215884716
4.190125435312706,0.2208395653061976,24.182113826060604,0.227,4.309,5888.204,93.84069827775579,87.51386215884716
4.1902800176053,0.2198814433660207,24.19072633950452,0.2281,4.309,5892.235,93.85476497143823,87.51386215884716
4.190281305549096,0.2225206563125412,24.181050897745084,0.227,4.309,5896.172,93.86866854375191,87.51386215884716
4.1903994324353775,0.2220280361435102,24.18697045758803,0.2275,4.309,5900.11,93.88254485978733,87.51386215884716
4.190453085529357,0.2202553424617566,24.193954253642296,0.227,4.309,5904.11,93.89652711084184,87.51386215884716
4.190445591582488,0.2196685846189743,24.19888662662029,0.2275,4.309,5908.047,93.91025247954201,87.51386215884716
4.190812623815068,0.2224348181113384,24.201073336931472,0.227,4.309,5911.985,93.92415421865121,87.51386215884716
4.188142942428361,0.2025547339804947,24.20031035807401,0.2081,4.297,5915.985,93.93701279956524,87.51386215884716
4.188082949725279,0.2003275314709914,24.20824614568033,0.2071,4.297,5919.922,93.94952969739569,87.51386215884716
4.188183068317543,0.2016475436828722,24.202607907004428,0.2076,4.297,5923.86,93.96213227269433,87.51386215884716
4.188116982701939,0.2012933943881793,24.20382622334138,0.2076,4.297,5927.797,93.97470951973072,87.51386215884716
4.188175572309432,0.2018851123795566,24.20428990699244,0.2076,4.297,5931.782,93.98747753145206,87.51386215884716
4.188099847947235,0.2024116381393171,24.20260481067113,0.2081,4.297,5935.735,94.00017604676638,87.51386215884716
4.188053155657637,0.2003120999080691,24.21091231035133,0.2076,4.297,5939.672,94.01269198039938,87.51386215884716
4.188307362343776,0.2016794401536447,24.206702127094506,0.2076,4.297,5943.657,94.02544698459697,87.51386215884716
4.1881331335238885,0.202052174489742,24.213871204003883,0.2071,4.297,5947.61,94.03812294856642,87.51386215884716
4.18822851045964,0.2010063763042893,24.213146881149942,0.2071,4.297,5951.547,94.05068226209161,87.51386215884716
4.188339321876102,0.2003054784593319,24.215006969690403,0.2076,4.297,5955.532,94.06335037152608,87.51386215884716
4.188392989114476,0.2001365638007351,24.21401284082493,0.2071,4.297,5959.5,94.0759538015804,87.51386215884716
4.188354179872538,0.2009831145606648,24.20847697482656,0.2071,4.297,5963.438,94.08851485136432,87.51386215884716
4.188270497636703,0.2013350708485315,24.22022743709836,0.2076,4.297,5967.438,94.10129600561565,87.51386215884716
4.18823581936412,0.1976738437885966,24.219529701683616,0.2065,4.297,5971.375,94.11364709529506,87.51386215884716
4.188428708937465,0.199816747138193,24.218801637771783,0.2076,4.297,5975.313,94.12613524940669,87.51386215884716
4.1884589760301605,0.2005378005161386,24.221383857958745,0.2071,4.297,5979.313,94.13886579133768,87.51386215884716
4.188409637294353,0.200522419711255,24.220931433240303,0.2065,4.297,5983.25,94.15139486620727,87.51386215884716
4.18861664947729,0.2017657481693985,24.22557745531696,0.2071,4.297,5987.204,94.16405606303213,87.51386215884716
4.188581123776674,0.2006171146895692,24.236324163190737,0.2065,4.297,5991.125,94.17654011234113,87.51386215884716
4.188656313771912,0.199253788381643,24.22834210107436,0.2065,4.297,5995.11,94.18914170874211,87.51386215884716
4.188670122363749,0.2021828052248781,24.22598999830294,0.2065,4.297,5999.063,94.2018258679735,87.51386215884716
4.188783908972303,0.201916370214606,24.239185015667267,0.2065,4.297,6003.016,94.21449331211333,87.51386215884716
4.188839161592266,0.2010075222424677,24.22993229177759,0.206,4.297,6007.0,94.22720263147872,87.51386215884716
4.188899257605019,0.1994877370341904,24.228046445718302,0.2065,4.297,6010.954,94.23972087863241,87.51386215884716
4.188842639563968,0.200515751304694,24.231093818270224,0.206,4.297,6014.907,94.25230045341435,87.51386215884716
4.188902914837129,0.1998457365792854,24.23761279775593,0.2065,4.297,6018.891,94.26493631530481,87.51386215884716
4.189062979836415,0.1997048138144836,24.23870430555036,0.2065,4.297,6022.86,94.27751572568616,87.51386215884716
4.189127081277209,0.1986510195529069,24.241583090781948,0.2054,4.297,6026.797,94.28992787142269,87.51386215884716
4.189164018175907,0.1993036715200894,24.24019149047556,0.2054,4.297,6030.797,94.30258006836888,87.51386215884716
4.189149379322259,0.2003348531999962,24.24056778907791,0.206,4.297,6034.735,94.31510060309142,87.51386215884716
4.189370822806536,0.2018400842406911,24.24266854260191,0.2054,4.297,6038.735,94.32791381660611,87.51386215884716
4.189315343586946,0.1989478255571358,24.23980042492045,0.2049,4.297,6042.766,94.34064130319189,87.51386215884716
4.189455151196639,0.2008284448508035,24.2440672289599,0.206,4.297,6046.719,94.35324049514514,87.51386215884716
4.189325527332119,0.1989504135097869,24.25132897008572,0.2049,4.297,6050.719,94.36587026656407,87.51386215884716
4.189448833179683,0.1996029429540668,24.25117917861628,0.2054,4.297,6054.672,94.37839257531661,87.51386215884716
4.189482728771584,0.1986562539539122,24.259431293274805,0.2054,4.297,6058.625,94.39085549250018,87.51386215884716
4.1894904238750295,0.1977044910107912,24.25022449728144,0.2044,4.297,6062.61,94.40335910521749,87.51386215884716
4.189586264312228,0.1992645319500939,24.25367638740917,0.2049,4.297,6066.563,94.41586018338587,87.51386215884716
4.189860650898864,0.1973120142921108,24.255878277148444,0.2044,4.297,6070.5,94.42818866517507,87.51386215884716
4.189860178719911,0.1990225009737495,24.253426256340735,0.2049,4.297,6074.485,94.44077563404707,87.51386215884716
4.189868001298491,0.2009166334493575,24.254858403805464,0.2044,4.297,6078.438,94.45338035860843,87.51386215884716
4.189793022849106,0.199165890771179,24.260534223763724,0.2049,4.297,6082.375,94.46582467461326,87.51386215884716
4.189877099400207,0.1979948868436408,24.25825295421103,0.2044,4.297,6086.297,94.47814868958524,87.51386215884716
4.189974293023407,0.197878310112103,24.259144638136355,0.2044,4.297,6090.297,94.49071040172944,87.51386215884716
4.190064154982497,0.1966444866748577,24.257450696786776,0.2049,4.297,6094.235,94.50300029579472,87.51386215884716
4.190074773259454,0.195980920041476,24.251881576597015,0.2038,4.297,6098.172,94.51524560793361,87.51386215884716
4.190105833922552,0.1971583178772103,24.25877838345028,0.2044,4.297,6102.172,94.52776161352617,87.51386215884716
4.190230105497663,0.2002710148787687,24.253203592346207,0.2033,4.297,6106.125,94.54032583450098,87.51386215884716
4.190092307114731,0.1969804306488071,24.266028146348614,0.2033,4.297,6110.063,94.55263672440456,87.51386215884716
4.190096902539784,0.2008897698407755,24.258542324430096,0.2044,4.297,6114.063,94.56538961005447,87.51386215884716
4.19033917528654,0.1972040671369369,24.258909699913374,0.2033,4.297,6118.0,94.57771134707174,87.51386215884716
4.190392015179013,0.197468126129985,24.263655116235707,0.2038,4.297,6121.938,94.59005271698473,87.51386215884716
4.190533583157556,0.1979922802972831,24.259989252742745,0.2027,4.297,6125.875,94.60242370326655,87.51386215884716
4.190477858975459,0.1951792563801512,24.25823250360666,0.2027,4.297,6129.86,94.61476761017404,87.51386215884716
4.190430835736401,0.1961959390101052,24.255653649320937,0.2027,4.297,6133.844,94.62717270237782,87.51386215884716
4.19045484894121,0.1971676873108888,24.25042283998939,0.2022,4.297,6137.782,94.6394952954549,87.51386215884716
4.19070580688344,0.196585209008697,24.255259497448176,0.2033,4.297,6141.782,94.6519749189466,87.51386215884716
4.190579694553609,0.1975029239095727,24.26007719159213,0.2022,4.297,6145.719,94.664315329182,87.51386215884716
4.190665183855471,0.195074127615639,24.26374403219442,0.2022,4.297,6149.657,94.67650707889138,87.51386215884716
4.19070235042566,0.1962714306070595,24.25940037422351,0.2027,4.297,6153.657,94.6889667831006,87.51386215884716
4.190925037780017,0.198117898927289,24.2594620365516,0.2022,4.297,6157.594,94.70134561830636,87.51386215884716
4.190797357071819,0.1972970111958859,24.26078858009776,0.2027,4.297,6161.532,94.71367629387217,87.51386215884716
4.1910221467031965,0.1952541052920945,24.25594746315257,0.2022,4.297,6165.563,94.72616747842754,87.51386215884716
4.190974747545371,0.1969012704917066,24.26214064859066,0.2022,4.297,6169.5,94.73847029605493,87.51386215884716
4.190972352890485,0.1974550581259949,24.25544048173816,0.2022,4.297,6173.438,94.75081084924332,87.51386215884716
4.191327654687939,0.1953646444079016,24.257654143448462,0.2022,4.297,6177.391,94.76306726370495,87.51386215884716
4.1913050310957845,0.1945030498540851,24.260645351072046,0.2011,4.297,6181.36,94.7753190148661,87.51386215884716
4.191163630122808,0.1946962164100375,24.25913275871732,0.2011,4.297,6185.282,94.78743770704182,87.51386215884716
4.191395635601093,0.1980902341609259,24.26149498132086,0.2017,4.297,6189.219,94.79981481369309,87.51386215884716
4.191394539160302,0.1958373822821256,24.2593685768206,0.2011,4.297,6193.219,94.81224696364377,87.51386215884716
4.191490384603951,0.1956436562982986,24.26277488194436,0.2017,4.297,6197.157,94.82447430777687,87.51386215884716
4.191527727009236,0.1969227388512952,24.26580115249429,0.2017,4.297,6201.11,94.83682847099608,87.51386215884716
4.191706430158496,0.1936078994342933,24.25439808761553,0.2006,4.297,6205.11,94.84911908890241,87.51386215884716
4.189111090866227,0.1757628092000822,24.25776978726142,0.1812,4.284,6209.047,94.86010112970827,87.51386215884716
4.18923996717744,0.1768473645495077,24.259515855387832,0.1817,4.284,6212.985,94.87115374253655,87.51386215884716
4.189178473583904,0.175554544643419,24.256229054988903,0.1817,4.284,6216.922,94.88212277052206,87.51386215884716
4.189046489259686,0.1743040206306569,24.262711981400297,0.1812,4.284,6220.907,94.89314644508754,87.51386215884716
4.189015026936249,0.1771186605990121,24.257414966554386,0.1817,4.284,6224.86,94.90425817781568,87.51386215884716
4.188815321056532,0.1770497457915761,24.261342225523368,0.1812,4.284,6228.797,94.9153206292057,87.51386215884716
4.189291009177366,0.1750899112967943,24.263204820135783,0.1817,4.284,6232.782,94.92639400660028,87.51386215884716
4.189036988587105,0.1761550256402691,24.263217615538444,0.1817,4.284,6236.735,94.93744528463621,87.51386215884716
4.189203903016804,0.1759098160266992,24.2577824884676,0.1806,4.284,6240.672,94.94843651074683,87.51386215884716
4.189093596581158,0.1778663656583322,24.26124577858732,0.1817,4.284,6244.672,94.95972782450563,87.51386215884716
4.189159534970354,0.1763210847932441,24.260470417209472,0.1812,4.284,6248.625,94.97078952044401,87.51386215884716
4.189225449723056,0.1760809219999602,24.26431835232929,0.1817,4.284,6252.563,94.9817942321188,87.51386215884716
4.189284904610012,0.173909798961297,24.25907131572062,0.1806,4.284,6256.594,94.9929199361933,87.51386215884716
4.189275398637776,0.1731365300394829,24.261530210670177,0.1817,4.284,6260.532,95.00374062915547,87.51386215884716
4.189338690592637,0.1741277569923242,24.247236974282227,0.1806,4.284,6264.469,95.01462050835987,87.51386215884716
4.189324417822194,0.1735594901856382,24.26043604176064,0.1806,4.284,6268.469,95.02563841302245,87.51386215884716
4.189502890642907,0.177522878986271,24.260115315067445,0.1812,4.284,6272.407,95.03673324417584,87.51386215884716
4.189290255139808,0.1748482924695853,24.256742342398518,0.1801,4.284,6276.344,95.04765814399666,87.51386215884716
4.189417003723696,0.1747451077541662,24.25444261308118,0.1806,4.284,6280.344,95.05875131404127,87.51386215884716
4.189508223131517,0.1755797313396668,24.25963959891135,0.1806,4.284,6284.282,95.0697247022845,87.51386215884716
4.189499158655004,0.1760552118481137,24.2571956193909,0.1812,4.284,6288.235,95.08076971839313,87.51386215884716
4.189512175491265,0.1743914479454793,24.264992005415174,0.1801,4.284,6292.172,95.09166607357912,87.51386215884716
4.189644656418545,0.1750250441467324,24.25633752756106,0.1806,4.284,6296.157,95.10273534851896,87.51386215884716
4.189595020135224,0.1751946752872296,24.255488789480264,0.1801,4.284,6300.094,95.11368189108806,87.51386215884716
4.189527938122347,0.1749538786069218,24.2552121343423,0.1801,4.284,6304.047,95.12465781385225,87.51386215884716
4.189494779790043,0.1769075866294594,24.247639784354703,0.1806,4.284,6308.032,95.1358461482126,87.51386215884716
4.189697569660415,0.1734538621040277,24.25305523450387,0.1796,4.284,6311.969,95.14668392100553,87.51386215884716
4.189818378809604,0.175298270005189,24.249688270292687,0.1796,4.284,6315.922,95.15768144954045,87.51386215884716
4.189902733734972,0.1744467178046604,24.259677506196223,0.1801,4.284,6319.922,95.1687556771924,87.51386215884716
4.190020221529231,0.1734244902593241,24.248708024740665,0.1806,4.284,6323.875,95.17963565210728,87.51386215884716
4.189988387264288,0.1718414551973749,24.24750823734552,0.1806,4.284,6327.813,95.19037540543628,87.51386215884716
4.190056520737355,0.1760523067467782,24.250089191189883,0.1796,4.284,6331.797,95.20150685448105,87.51386215884716
4.190141651483685,0.1764520666020737,24.251926116294303,0.1801,4.284,6335.75,95.21257676770634,87.51386215884716
4.190121477298989,0.1738904297212816,24.24906703104149,0.1801,4.284,6339.688,95.22344457791743,87.51386215884716
4.190201010738863,0.1747295402817807,24.24958087891744,0.1796,4.284,6343.688,95.23453675970767,87.51386215884716
4.190106868396408,0.1739782971385749,24.25197467103268,0.179,4.284,6347.641,95.24545147830231,87.51386215884716
4.190314919131206,0.1703217637950031,24.250344737106,0.179,4.284,6351.579,95.25609625390445,87.51386215884716
4.190276633281836,0.1726316430760067,24.251909609009854,0.1785,4.284,6355.516,95.26688265267259,87.51386215884716
4.190217126658427,0.17294390748984,24.24683811069008,0.1796,4.284,6359.5,95.27781756360561,87.51386215884716
4.190571852999769,0.1715533397208375,24.251403669981038,0.1785,4.284,6363.438,95.2885393102834,87.51386215884716
4.187778598600575,0.1524103388242981,24.251603723613144,0.1591,4.271,6367.391,95.29810093944371,87.51386215884716
4.187805568110958,0.1564772830965182,24.246727627690145,0.1602,4.271,6371.391,95.30803443132694,87.51386215884716
4.187716903091254,0.1539443649787732,24.24167706901128,0.1591,4.271,6375.329,95.3176556516801,87.51386215884716
4.187876236595213,0.1546463036816019,24.245632357012504,0.1591,4.271,6379.266,95.32731828750866,87.51386215884716
4.187739216885501,0.1526483139165403,24.244296417238925,0.1602,4.271,6383.266,95.337008708746,87.51386215884716
4.187928625005466,0.15311304068816,24.250920008904167,0.1602,4.271,6387.235,95.34665330236777,87.51386215884716
4.187693600770797,0.1514848617197635,24.251038540371045,0.1596,4.271,6391.172,95.35611840445874,87.51386215884716
4.187519862744012,0.153897549953504,24.255778506648145,0.1591,4.271,6395.204,95.36596628750812,87.51386215884716
4.187798018426999,0.1526950384322172,24.24689131749664,0.1591,4.271,6399.157,95.37554577760946,87.51386215884716
4.187719358379053,0.1567421706182261,24.25155915452962,0.1591,4.271,6403.11,95.38537916897121,87.51386215884716
4.187785764469493,0.1541245101312938,24.25386808141742,0.1596,4.271,6407.094,95.39512416557353,87.51386215884716
4.187633895823729,0.1539420017875295,24.25237611391658,0.1596,4.271,6411.047,95.40478188528364,87.51386215884716
4.1880084773921045,0.155912186140341,24.256297738427232,0.1596,4.271,6415.0,95.41456320666217,87.51386215884716
4.187805597251708,0.153526721237531,24.259404296685165,0.1596,4.271,6418.985,95.42427284276755,87.51386215884716
4.187823962126166,0.1537540303702661,24.263347744255043,0.1596,4.271,6422.938,95.4339187698854,87.51386215884716
4.187994619403343,0.1561253252237297,24.266702962321663,0.1596,4.271,6426.891,95.44371346277723,87.51386215884716
4.187791651620834,0.1530235784718818,24.272720461724536,0.1596,4.271,6430.829,95.4532771357828,87.51386215884716
4.187732065751431,0.1517660314684097,24.26771547681044,0.1585,4.271,6434.813,95.46287301031143,87.51386215884716
4.187903694885498,0.1532700660611335,24.267570172002912,0.1596,4.271,6438.766,95.47248857539947,87.51386215884716
4.187807169345528,0.1522239014110746,24.267675691469663,0.1596,4.271,6442.719,95.48203850820492,87.51386215884716
4.188002295288157,0.1552076396481695,24.28227871290068,0.1596,4.271,6446.719,95.49189140057467,87.51386215884716
4.187945983752005,0.1521496118449132,24.286091779816942,0.1591,4.271,6450.672,95.50143667274301,87.51386215884716
4.187904583707012,0.1520301769457615,24.28742756343639,0.1591,4.271,6454.625,95.51097445203244,87.51386215884716
4.188084981265791,0.1523880690157871,24.291345244563395,0.1591,4.271,6458.61,95.52061207527494,87.51386215884716
4.188283996491217,0.1504933138557845,24.289808377085127,0.1585,4.271,6462.547,95.53001522330892,87.51386215884716
4.188126069542933,0.1519333930308881,24.29133945265319,0.1591,4.271,6466.5,95.53954693075369,87.51386215884716
4.188160777268768,0.1530246060665806,24.296413790709963,0.1585,4.271,6470.422,95.54907181074583,87.51386215884716
4.188115799445803,0.1522000114813854,24.30310866488501,0.1591,4.271,6474.407,95.55869754048724,87.51386215884716
4.188220390971913,0.1519169346530676,24.302253052842136,0.1585,4.271,6478.36,95.56822821539771,87.51386215884716
4.188182116201209,0.1525046407436436,24.298937555449484,0.1591,4.271,6482.297,95.57775703548968,87.51386215884716
4.1881981136803805,0.151245198544895,24.30424895984879,0.1591,4.271,6486.313,95.5873967895427,87.51386215884716
4.188319971133224,0.1547963845331291,24.30107877061337,0.1591,4.271,6490.25,95.59706880274776,87.51386215884716
4.188305324303211,0.1552519720313934,24.30615316020118,0.158,4.271,6494.204,95.60681116879933,87.51386215884716
4.188334815822384,0.1534253880574421,24.30192958813312,0.1585,4.271,6498.204,95.61655092026223,87.51386215884716
4.188289843459921,0.1522406689434817,24.307435296426576,0.1585,4.271,6502.157,95.62610190499716,87.51386215884716
4.188475892541672,0.1519435359841575,24.307639754665864,0.158,4.271,6506.094,95.6355956660491,87.51386215884716
4.188483865206349,0.1507934802909073,24.307616589930618,0.1585,4.271,6510.094,95.64516833872638,87.51386215884716
4.188647605885185,0.1542763955082906,24.30293512146633,0.158,4.271,6514.047,95.65484703699201,87.51386215884716
4.188314743229182,0.1508494913071242,24.30896034333813,0.1585,4.271,6518.0,95.66431074467765,87.51386215884716
4.188458528369115,0.1516781114379519,24.30880906151793,0.1575,4.271,6521.985,95.6739034673994,87.51386215884716
4.188675280837028,0.150032899797743,24.308215123379224,0.158,4.271,6525.954,95.68335404288234,87.51386215884716
4.188617610908729,0.1506279861058828,24.30590989249827,0.158,4.271,6529.891,95.69276560553001,87.51386215884716
4.188784180475619,0.1542739302585994,24.308326742800844,0.158,4.271,6533.891,95.70255922415434,87.51386215884716
4.188896562280408,0.1512612397185416,24.30919626584135,0.158,4.271,6537.844,95.71204876332654,87.51386215884716
4.1888959603983205,0.1514109021929682,24.310455111092622,0.158,4.271,6541.797,95.72154769173761,87.51386215884716
4.188892167130898,0.1529349202621548,24.317893690697066,0.158,4.271,6545.797,95.7312563073208,87.51386215884716
4.188894350736819,0.1515808928943333,24.30449267947004,0.158,4.271,6549.735,95.74072981531226,87.51386215884716
4.188685349541656,0.1505673216910666,24.30874616444508,0.158,4.271,6553.719,95.75024989772518,87.51386215884716
4.189061189281133,0.1509324811780626,24.30477160830603,0.158,4.271,6557.719,95.75983139445766,87.51386215884716
4.189036730577842,0.1511909414697475,24.306626945358843,0.1569,4.271,6561.657,95.76928053125123,87.51386215884716
4.188894406400429,0.1525729389098797,24.31447250931537,0.1575,4.271,6565.61,95.77885236130562,87.51386215884716
4.189061598350556,0.1502990700205615,24.309826016754148,0.1575,4.271,6569.61,95.78839364782696,87.51386215884716
4.189053476043784,0.153791725910803,24.313267096675787,0.1569,4.271,6573.547,95.79800288778644,87.51386215884716
4.189080844043662,0.1531637852841543,24.31683696823978,0.1569,4.271,6577.485,95.80757532344232,87.51386215884716
4.1892336806837145,0.1499335171684637,24.317306561758485,0.1569,4.271,6581.485,95.81709340393519,87.51386215884716
4.189255463352998,0.151954484081635,24.32046504513335,0.1564,4.271,6585.469,95.8267011939604,87.51386215884716
4.18930025156617,0.1473352518587915,24.32102994227412,0.1569,4.271,6589.407,95.83590935772865,87.51386215884716
4.189442779786455,0.1510217156414234,24.31407261203347,0.1569,4.271,6593.407,95.84549651924392,87.51386215884716
4.1893229084453285,0.1509674092146593,24.30695120658149,0.1564,4.271,6597.344,95.8549292897822,87.51386215884716
4.189445425644456,0.1515825754920064,24.313206541939383,0.1564,4.271,6601.297,95.8644389883053,87.51386215884716
4.18950117345119,0.1502459415498835,24.319530296147445,0.1564,4.271,6605.297,95.87397690212475,87.51386215884716
4.189451346089465,0.1518461974311711,24.31644287043284,0.1569,4.271,6609.235,95.8834669911285,87.51386215884716
4.189598184584463,0.1491449082656876,24.316346270812275,0.1559,4.271,6613.172,95.8927858878622,87.51386215884716
4.189576660441518,0.1497559087025253,24.318629410988667,0.1559,4.271,6617.172,95.9022926934133,87.51386215884716
4.189539694273159,0.1519635575830969,24.317541252239643,0.1559,4.271,6621.141,95.91186488107034,87.51386215884716
4.189771115374278,0.1500736990944834,24.318112043806742,0.1564,4.271,6625.094,95.92127991858374,87.51386215884716
4.189723978211595,0.150879870490852,24.323827850314167,0.1559,4.271,6629.094,95.93085807548425,87.51386215884716
4.189648298707028,0.1509913219301361,24.33059663761722,0.1564,4.271,6633.032,95.94029473644878,87.51386215884716
4.18980780461278,0.149628854815441,24.31576259914007,0.1564,4.271,6636.985,95.9496818661702,87.51386215884716
4.18965812419863,0.1503090870547503,24.32722451979065,0.1553,4.271,6640.969,95.9591856209033,87.51386215884716
4.189865289305062,0.1479640467175446,24.318888494710635,0.1559,4.271,6644.922,95.96846830706939,87.51386215884716
4.189775931569874,0.1517035570019584,24.31579513621202,0.1548,4.271,6648.875,95.97798559549973,87.51386215884716
4.189921937065212,0.1487174295643355,24.324660138739134,0.1548,4.271,6652.813,95.98728014265897,87.51386215884716
4.189922631979393,0.1498065828130493,24.32279778243276,0.1559,4.271,6656.797,95.9967521250145,87.51386215884716
4.190062055884647,0.1487109241708972,24.321745784590288,0.1553,4.271,6660.75,96.00608166735381,87.51386215884716
4.190048958216437,0.1517486672997239,24.320952993158325,0.1553,4.271,6664.704,96.01560419415543,87.51386215884716
4.19019445084697,0.1498135387554172,24.315731145404257,0.1553,4.271,6668.688,96.02507661632183,87.51386215884716
4.190061457706595,0.1507429694386179,24.32357314291497,0.1553,4.271,6672.641,96.03453364124162,87.51386215884716
4.190243519068175,0.1492854195667438,24.32024854436035,0.1548,4.271,6676.579,96.04386368666007,87.51386215884716
4.190141047798966,0.1483270514868268,24.323962545599773,0.1553,4.271,6680.563,96.05324212109298,87.51386215884716
4.190304438825219,0.1510689080552269,24.31859786410188,0.1542,4.271,6684.532,96.06275795475764,87.51386215884716
4.190296113029812,0.1476308729496812,24.327890502961026,0.1548,4.271,6688.469,96.07198225128724,87.51386215884716
4.190477489070675,0.1457735120846538,24.33052450188983,0.1542,4.271,6692.469,96.08123624631085,87.51386215884716
4.190494482909116,0.1467908138099902,24.331349907392184,0.1542,4.271,6696.407,96.0904103837707,87.51386215884716
4.190408894826037,0.1469175374739998,24.33070822623214,0.1542,4.271,6700.36,96.09962741603579,87.51386215884716
4.1905708214454895,0.1475615240820811,24.328854174855778,0.1548,4.271,6704.344,96.10895744764196,87.51386215884716
4.187923471750871,0.1288609308778636,24.327106971141085,0.1343,4.259,6708.297,96.11704167895995,87.51386215884716
4.188042219897493,0.1277798092660655,24.327410433094503,0.1354,4.259,6712.235,96.12502766598716,87.51386215884716
4.187922205023698,0.1273095240381102,24.323252287374192,0.1348,4.259,6716.172,96.13298224064562,87.51386215884716
4.18795333563845,0.1291937697588105,24.33128131556476,0.1343,4.259,6720.157,96.14115296481226,87.51386215884716
4.187793775136981,0.1294445385487255,24.33371779713437,0.1343,4.259,6724.125,96.14930462464157,87.51386215884716
4.187858825712217,0.1291961137526292,24.342533540672036,0.1354,4.259,6728.079,96.15741193443063,87.51386215884716
4.187815492943589,0.1271644672781436,24.33841980262308,0.1354,4.259,6732.063,96.16545229933108,87.51386215884716
4.187851790867233,0.1296250685085653,24.343684413155128,0.1348,4.259,6736.016,96.17358446965838,87.51386215884716
4.187806969785124,0.1276706379264168,24.347804018819545,0.1343,4.259,6739.969,96.1815940266473,87.51386215884716
4.187861871145898,0.1279806289869025,24.3455395063949,0.1354,4.259,6743.954,96.18968802700101,87.51386215884716
4.187880561167997,0.1319068024021696,24.349652161987454,0.1354,4.259,6747.907,96.1979633443976,87.51386215884716
4.18785181996464,0.1284133822446559,24.35007646404719,0.1354,4.259,6751.86,96.206019498263,87.51386215884716
4.187847940932171,0.1272917436131888,24.34374253622568,0.1354,4.259,6755.875,96.21413053629998,87.51386215884716
4.187762842190092,0.1277837297526708,24.3495615336948,0.1354,4.259,6759.829,96.2221492162201,87.51386215884716
4.187784425598871,0.1272668858487843,24.344950334287688,0.1354,4.259,6763.766,96.23010112675216,87.51386215884716
4.187855800985952,0.1282177672389522,24.351500543810847,0.1343,4.259,6767.766,96.23824064786955,87.51386215884716
4.1879194291007575,0.1292897506317667,24.35515731512894,0.1343,4.259,6771.719,96.2463517816634,87.51386215884716
4.188090661592383,0.1313503169546098,24.349982420740997,0.1348,4.259,6775.657,96.2545609184061,87.51386215884716
4.187891225919957,0.1261168391411622,24.36298476267992,0.1343,4.259,6779.657,96.26256706839258,87.51386215884716
4.188020962067591,0.1291944155312956,24.353676483721813,0.1343,4.259,6783.594,96.27063941515189,87.51386215884716
4.188104299771924,0.1239870548164191,24.355446832246034,0.1343,4.259,6787.547,96.27841787852898,87.51386215884716
4.188259512089947,0.1285888676950566,24.360687961354785,0.1348,4.259,6791.469,96.28642177780117,87.51386215884716
4.188154429541196,0.1279931092320558,24.36318824095659,0.1348,4.259,6795.469,96.29454703717751,87.51386215884716
4.188237303813705,0.1291115791813278,24.36762259065336,0.1348,4.259,6799.422,96.30264699319073,87.51386215884716
4.188117692883001,0.1295486989059828,24.369295265917337,0.1338,4.259,6803.36,96.31074353234507,87.51386215884716
4.188039532153359,0.1278254030945589,24.368336408601785,0.1343,4.259,6807.36,96.31885814539933,87.51386215884716
4.188350344267096,0.1300187539140419,24.37398424916603,0.1343,4.259,6811.313,96.32701501401077,87.51386215884716
4.18813286452241,0.1308003991220169,24.377658462146552,0.1338,4.259,6815.25,96.33518770610142,87.51386215884716
4.188116250393017,0.1274776669983642,24.381592951970383,0.1338,4.259,6819.25,96.3432802441706,87.51386215884716
4.188369288215537,0.1280302709258682,24.38530188170784,0.1343,4.259,6823.188,96.35128188455947,87.51386215884716
4.188407872415461,0.1301282754825353,24.38284357262759,0.1332,4.259,6827.125,96.35941258091013,87.51386215884716
4.188362820531774,0.1255649710494961,24.3891201892756,0.1343,4.259,6831.063,96.36726014490036,87.51386215884716
4.1884932630045135,0.1306958132287638,24.388956260096165,0.1332,4.259,6835.047,96.37552379001927,87.51386215884716
4.188217179840723,0.1283069412055998,24.391263462570603,0.1332,4.259,6839.0,96.38357326618977,87.51386215884716
4.188436427811004,0.1316255310598874,24.39511416160715,0.1343,4.259,6842.954,96.39183302668454,87.51386215884716
4.1884042066496345,0.12823813584824,24.39583369326021,0.1332,4.259,6846.954,96.39997384084211,87.51386215884716
4.188444550009065,0.1280246223427092,24.40078271359681,0.1332,4.259,6850.922,96.40803608265482,87.51386215884716
4.188591174466628,0.1286491147046115,24.400641947316995,0.1343,4.259,6854.907,96.41617236068505,87.51386215884716
4.188527378443417,0.1273962999553278,24.405337589745773,0.1332,4.259,6858.907,96.42425973341109,87.51386215884716
4.188511359643931,0.1276933389340163,24.401758995061464,0.1338,4.259,6862.86,96.43227071457252,87.51386215884716
4.188509858588433,0.1287967255035516,24.4104144234128,0.1332,4.259,6866.813,96.44035091789618,87.51386215884716
4.188380473268135,0.1276185060428525,24.40871061337667,0.1332,4.259,6870.813,96.4484523967105,87.51386215884716
4.188492096552079,0.1301642707388885,24.39894643907241,0.1338,4.259,6874.75,96.4565853421227,87.51386215884716
4.1887799174494535,0.1266305715647425,24.39595360038164,0.1327,4.259,6878.719,96.46456180446283,87.51386215884716
4.188559327175609,0.1257901756552064,24.402362417469615,0.1338,4.259,6882.766,96.47264104579543,87.51386215884716
4.188615843350903,0.1262108821147307,24.400761971483128,0.1327,4.259,6886.969,96.48105978090972,87.51386215884716
4.188797071635042,0.1270273532836947,24.40308763457804,0.1332,4.259,6891.157,96.48950273786959,87.51386215884716
4.188691907243023,0.1298476337301333,24.400258742401256,0.1332,4.259,6895.125,96.49767978227545,87.51386215884716
4.189018131807738,0.1295119009041614,24.39906169269037,0.1332,4.259,6899.141,96.5059343442957,87.51386215884716
4.188784930956667,0.1267577461827146,24.410327514305703,0.1332,4.259,6903.094,96.51388663002348,87.51386215884716
4.188865901973676,0.1250151100388415,24.414737175144307,0.1332,4.259,6907.032,96.52169982878085,87.51386215884716
4.189013851103425,0.1259837191698967,24.40399324761773,0.1327,4.259,6911.032,96.52969752804447,87.51386215884716
4.188858604215571,0.1270058623512094,24.40473244033753,0.1332,4.259,6914.985,96.53766537961121,87.51386215884716
4.188994726174603,0.1253226773004388,24.410672817455374,0.1332,4.259,6918.938,96.54552763472441,87.51386215884716
4.188955185579995,0.1249684731145954,24.415318367092684,0.1332,4.259,6922.938,96.55346088413147,87.51386215884716
4.188908662001134,0.1243134033492241,24.407498720756,0.1321,4.259,6926.875,96.56122825468334,87.51386215884716
4.189033603168471,0.1269994152897,24.409597818133776,0.1327,4.259,6930.813,96.5691654686203,87.51386215884716
4.189193931731024,0.1287477905435378,24.42076581886253,0.1321,4.259,6934.813,96.57733863668048,87.51386215884716
4.189207542988286,0.1277614319685503,24.41745698912482,0.1321,4.259,6938.75,96.5853214475247,87.51386215884716
4.189132409830639,0.1210224753570477,24.417697619710317,0.1327,4.259,6942.735,96.59297538676613,87.51386215884716
4.189245879101226,0.1259643795874713,24.42442114854999,0.1316,4.259,6946.719,96.60093987242806,87.51386215884716
4.189232661397815,0.1243045858924087,24.420438199610324,0.1316,4.259,6950.672,96.60873825646419,87.51386215884716
4.1893891686228,0.126509004712642,24.42606463039768,0.1321,4.259,6954.625,96.61667493712403,87.51386215884716
4.189377814871559,0.1252468631981602,24.431476004393943,0.1321,4.259,6958.61,96.62459604333402,87.51386215884716
4.189415661509901,0.1271193463885477,24.427948783528088,0.1316,4.259,6962.563,96.63257101444587,87.51386215884716
4.1893088397562,0.128623533224101,24.43201528019598,0.1316,4.259,6966.5,96.64060769124279,87.51386215884716
4.189568153482984,0.1250018021317256,24.42820544835787,0.1321,4.259,6970.5,96.64854305644272,87.51386215884716
4.1897034686870285,0.1261507894542609,24.422452599125,0.1311,4.259,6974.469,96.65648929729774,87.51386215884716
4.189390729932235,0.1270412613698372,24.436117912719155,0.1316,4.259,6978.422,96.66445936966062,87.51386215884716
4.189554562737863,0.126756079767815,24.43764866153404,0.1316,4.259,6982.407,96.67247592468614,87.51386215884716
4.189513552029506,0.1253666042709659,24.4387098047309,0.1316,4.259,6986.36,96.68034093560584,87.51386215884716
4.189606377567292,0.1253714218182935,24.435183727176167,0.1311,4.259,6990.313,96.68820624875963,87.51386215884716
4.189761340110037,0.1234587530409634,24.433437058078137,0.1316,4.259,6994.297,96.69601230846997,87.51386215884716
4.18978799617056,0.1263919727431886,24.428224501712165,0.1316,4.259,6998.25,96.7039416470013,87.51386215884716
4.189674294339498,0.1255195251503355,24.43277233856606,0.1311,4.259,7002.188,96.71178637071212,87.51386215884716
4.189605681597299,0.1232525417370638,24.44188519675435,0.1311,4.259,7006.188,96.71961068935254,87.51386215884716
4.189891159746161,0.1267897366387066,24.440454568282288,0.1311,4.259,7010.157,96.727597177504,87.51386215884716
4.189937740454125,0.1245980818099316,24.443225416579413,0.1311,4.259,7014.094,96.73538233538237,87.51386215884716
4.18975196518813,0.1255028333239904,24.445277708206486,0.1311,4.259,7018.094,96.74334950704764,87.51386215884716
4.189980309533873,0.129080954001996,24.45797326416689,0.1311,4.259,7022.047,96.75144754175676,87.51386215884716
4.189898547240165,0.125016283229157,24.45766182942092,0.1305,4.259,7025.985,96.75926081383624,87.51386215884716
4.190045000132852,0.1246680509632677,24.451325701163057,0.1311,4.259,7029.985,96.76717499184238,87.51386215884716
4.190153723573091,0.1235169393222192,24.447663758640868,0.1311,4.259,7033.922,96.77489259759768,87.51386215884716
4.190209088064302,0.1270798383487439,24.44555208718927,0.13,4.259,7037.875,96.78286509012948,87.51386215884716
4.190076139275829,0.1254779981453665,24.44331725474253,0.13,4.259,7041.797,96.79067535610375,87.51386215884716
4.190350857701307,0.1228000215509735,24.445904182627213,0.1311,4.259,7045.797,96.79847094785484,87.51386215884716
4.190186119067927,0.1216587175782374,24.453771158978626,0.1311,4.259,7049.75,96.80610334045087,87.51386215884716
4.19024685363053,0.1238767275559699,24.46097879861689,0.1311,4.259,7053.704,96.81387684831252,87.51386215884716
4.190179930987156,0.1272077928130146,24.45439991246995,0.13,4.259,7057.688,96.8219199526033,87.51386215884716
4.190270540848094,0.1223589686344937,24.453018380193093,0.13,4.259,7061.641,96.82959627621459,87.51386215884716
4.190329064335724,0.1252624389848651,24.46575883457424,0.13,4.259,7065.579,96.83742493254518,87.51386215884716
4.190210895040556,0.1218064940900124,24.459756530212065,0.1305,4.259,7069.579,96.84515745317964,87.51386215884716
4.190348545394377,0.1250237019392886,24.457398457336,0.1294,4.259,7073.516,96.85296920472507,87.51386215884716
4.190460998678602,0.123568898192714,24.44759923737073,0.13,4.259,7077.469,96.86072143458941,87.51386215884716
4.190574040855949,0.1247504169434978,24.45162965259485,0.1305,4.259,7081.391,96.86848641292134,87.51386215884716
4.19057812490985,0.1259942108537517,24.45067552311212,0.1294,4.259,7085.391,96.87648477821809,87.51386215884716
4.19037676663263,0.1245828985004039,24.45284651602576,0.1294,4.259,7089.329,96.8842709646035,87.51386215884716
4.190523257217607,0.1251600788961872,24.45398194897357,0.1289,4.259,7093.282,96.89212301892812,87.51386215884716
4.190517255952472,0.1242866927255626,24.45002951849901,0.13,4.259,7097.266,96.89998142767368,87.51386215884716
4.190608132614402,0.124363292738352,24.44267296362789,0.13,4.259,7101.219,96.90778349474797,87.51386215884716
4.190704632049727,0.1212217364238632,24.442812475638547,0.13,4.259,7105.188,96.91541925444994,87.51386215884716
4.190822529131588,0.1228889097366301,24.44052531791573,0.1289,4.259,7109.172,96.92318928406317,87.51386215884716
4.190787626467329,0.1229065219882962,24.444252358935845,0.1289,4.259,7113.125,96.93089995903249,87.51386215884716
4.19072032799108,0.1250143347858369,24.43377087506717,0.1289,4.259,7117.079,96.93874485398129,87.51386215884716
4.190826968304647,0.1265145769039035,24.4395238057107,0.1294,4.259,7121.079,96.94677625315894,87.51386215884716
4.190851219973881,0.1239972480239899,24.444953401059127,0.1289,4.259,7125.032,96.95455535601806,87.51386215884716
4.190835347127269,0.1224525698995649,24.44021760429409,0.1289,4.259,7128.969,96.9622064576677,87.51386215884716
4.190909623266077,0.1231840921781971,24.43978873085752,0.1294,4.259,7132.969,96.97002643099279,87.51386215884716
4.19092710618338,0.1232237885812919,24.444719885368254,0.1294,4.259,7136.922,96.97775701002853,87.51386215884716
4.191075719719149,0.1246436643356131,24.43849995248419,0.1284,4.259,7140.875,96.98557666652134,87.51386215884716
4.1909358913949255,0.1222181080363028,24.44107419233731,0.1284,4.259,7144.875,96.99333531723495,87.51386215884716
4.191157405865883,0.1205336966254519,24.44160905199005,0.1284,4.259,7148.829,97.00089904334234,87.51386215884716
4.191090250051696,0.1220561505458442,24.437967997173395,0.1284,4.259,7152.782,97.00855636932991,87.51386215884716
4.191213784700038,0.1210893655733158,24.43530997568328,0.1284,4.259,7156.766,97.0162126172238,87.51386215884716
4.191054523663788,0.1190570064861468,24.434501273168657,0.1278,4.259,7160.829,97.02388963301655,87.51386215884716
4.191160525050179,0.1207464157343701,24.43631190920424,0.1284,4.259,7164.875,97.03164300783452,87.51386215884716
4.191345091087296,0.1204795711430236,24.42718986230388,0.1289,4.259,7168.875,97.039291292738,87.51386215884716
4.191338764440514,0.1212290434135961,24.422085437561567,0.1278,4.259,7172.891,97.04701793909656,87.51386215884716
4.191328929407707,0.1209899316403151,24.426140324048266,0.1278,4.259,7176.829,97.0545795721124,87.51386215884716
4.191370134054204,0.1216775762776935,24.425296698137387,0.1278,4.259,7180.782,97.06221314782958,87.51386215884716
4.19136688092124,0.1197762540671207,24.42451241688728,0.1284,4.259,7184.782,97.06981678475395,87.51386215884716
4.191503383110416,0.1240592326573422,24.421617224314385,0.1284,4.259,7188.719,97.07756827417079,87.51386215884716
4.191675669193622,0.1217524205949258,24.4302968873361,0.1284,4.259,7192.672,97.08520654532798,87.51386215884716
4.188978498622622,0.1023931535719476,24.426840453533515,0.1073,4.246,7196.672,97.0917066681559,87.51386215884716
4.188838550104634,0.1016318628741902,24.420438793621237,0.1073,4.246,7200.61,97.0980584599071,87.51386215884716
4.18869276167688,0.1010989168684569,24.42663831431356,0.1084,4.246,7204.563,97.10440101093785,87.51386215884716
4.188657205268463,0.101246527569034,24.42242074839028,0.1079,4.246,7208.579,97.11085405297736,87.51386215884716
4.188773530611429,0.1034519567790448,24.422420566900765,0.1079,4.246,7212.532,97.1173442245383,87.51386215884716
4.188718157251788,0.1014177226981225,24.42245572572243,0.1079,4.246,7216.485,97.12370677620116,87.51386215884716
4.1887763067225965,0.0986591931736815,24.42791693973509,0.1073,4.246,7220.469,97.12994480739714,87.51386215884716
4.18876405669826,0.1026993044847041,24.42701844835788,0.1079,4.246,7224.422,97.13638776049389,87.51386215884716
4.1887317364535965,0.1002376015249993,24.423518040896607,0.1084,4.246,7228.375,97.14267627596533,87.51386215884716
4.1886840454363234,0.101193896447272,24.41470609735052,0.1073,4.246,7232.375,97.14910026754481,87.51386215884716
4.188774766608073,0.1019232753574906,24.422355896540854,0.1073,4.246,7236.313,97.15547027200367,87.51386215884716
4.188723970141121,0.1014648195906882,24.42856922363841,0.1084,4.246,7240.282,97.16186154310284,87.51386215884716
4.188839353437897,0.1032913893019772,24.42983725024589,0.1079,4.246,7244.204,97.16829082341674,87.51386215884716
4.188852900503144,0.1003739040487816,24.42532902106353,0.1073,4.246,7248.204,97.17466276023355,87.51386215884716
4.1887835051880895,0.1012286628714156,24.42944815071984,0.1079,4.246,7252.141,97.18098774622709,87.51386215884716
4.1889541483297466,0.1009937865599707,24.436114504755132,0.1079,4.246,7256.094,97.18732370179303,87.51386215884716
4.188881132268552,0.0994877501727083,24.42974581093587,0.1079,4.246,7260.094,97.19363938378383,87.51386215884716
4.188906459822197,0.10101889388077,24.43013391767396,0.1079,4.246,7264.047,97.19997691448499,87.51386215884716
4.188898007716155,0.1027373769728091,24.42740181115444,0.1084,4.246,7268.0,97.2064222561009,87.51386215884716
4.189030422041911,0.1028086868077888,24.432102849839016,0.1084,4.246,7271.938,97.21284759703582,87.51386215884716
4.188829021617167,0.1033223870186747,24.432306307134365,0.1079,4.246,7275.938,97.21940670946732,87.51386215884716
4.189070648047019,0.0993551561103145,24.430918545127003,0.1079,4.246,7279.891,97.22563986376133,87.51386215884716
4.188983449774131,0.1012671288866806,24.429062624577316,0.1084,4.246,7283.829,97.2319688603549,87.51386215884716
4.189077202966292,0.1002575193192583,24.4255237029378,0.1084,4.246,7287.829,97.23833340883556,87.51386215884716
4.189005171868356,0.0985747528735586,24.440913686066413,0.1084,4.246,7291.782,97.2445176036797,87.51386215884716
4.189121551759496,0.1006785844137026,24.436060676663743,0.1073,4.246,7295.719,97.25080821958039,87.51386215884716
4.188942656979049,0.1002813025756685,24.441565825432104,0.1084,4.246,7299.75,97.25722361482163,87.51386215884716
4.189073653788708,0.0999831827350184,24.43386889343652,0.1079,4.246,7303.704,97.2634977558355,87.51386215884716
4.188909596194984,0.098902932683571,24.438365404504207,0.1073,4.246,7307.641,97.26967742517223,87.51386215884716
4.188886966683505,0.1032498551768871,24.44409184160469,0.1073,4.246,7311.641,97.27623193313688,87.51386215884716
4.188993940530619,0.1021097837137618,24.442349620680872,0.1073,4.246,7315.594,97.28263790200386,87.51386215884716
4.189161681854684,0.1003883031465728,24.44724508953481,0.1073,4.246,7319.532,97.28891197371532,87.51386215884716
4.1891292351606735,0.1035077891679487,24.44724034402117,0.1073,4.246,7323.532,97.29548285584725,87.51386215884716
4.189242723282874,0.1006127317164233,24.449169576329165,0.1073,4.246,7327.485,97.30179490552119,87.51386215884716
4.189222012239069,0.1038136775281736,24.4544495544646,0.1073,4.246,7331.438,97.30830777002862,87.51386215884716
4.189251222212499,0.1007955109501508,24.44449554680358,0.1073,4.246,7335.438,97.31470647129741,87.51386215884716
4.189200140451401,0.0991261134425426,24.45181959793473,0.1068,4.246,7339.391,97.32092525634935,87.51386215884716
4.189243929913868,0.0999728150346857,24.45371960480911,0.1079,4.246,7343.329,97.32717336087015,87.51386215884716
4.189294881804435,0.1030667655053854,24.453261683822262,0.1068,4.246,7347.329,97.33371624593512,87.51386215884716
4.189344344137072,0.1016340507798488,24.45444350546706,0.1073,4.246,7351.282,97.34009236917659,87.51386215884716
4.1893618442127805,0.1015935646856757,24.46247434611472,0.1068,4.246,7355.219,97.34644015502542,87.51386215884716
4.189458445283039,0.1010140001529731,24.46617235221112,0.1073,4.246,7359.204,97.35282867928443,87.51386215884716
4.189414667861769,0.1012806422381711,24.46603431282216,0.1063,4.246,7363.172,97.35920674167376,87.51386215884716
4.189330915320036,0.101079217281747,24.464716476748062,0.1073,4.246,7367.11,97.36552399416122,87.51386215884716
4.189405480272355,0.101305573131008,24.47136599516992,0.1068,4.246,7371.032,97.37182966912037,87.51386215884716
4.189518019352606,0.1020730750458885,24.46614266946688,0.1068,4.246,7375.032,97.37830947272126,87.51386215884716
4.189695966923905,0.0996443116221767,24.46472828189222,0.1063,4.246,7378.985,97.3845607675023,87.51386215884716
4.189385549890832,0.0997595506266905,24.46777076639899,0.1063,4.246,7382.938,97.3908192919282,87.51386215884716
4.189495682122344,0.1007562420359169,24.465081798800373,0.1068,4.246,7386.922,97.39718991549395,87.51386215884716
4.189524429319812,0.0991885322302823,24.46380468408516,0.1063,4.246,7390.875,97.40341261645675,87.51386215884716
4.189355202021447,0.1002216054717549,24.46207560092774,0.1073,4.246,7394.829,97.40970171896545,87.51386215884716
4.189673793886272,0.0986124308706574,24.46815343314408,0.1063,4.246,7398.75,97.41583819666016,87.51386215884716
4.18972504237219,0.1036529860768672,24.4731019432711,0.1068,4.246,7402.735,97.42239362080997,87.51386215884716
4.1897378782596935,0.0979831699789865,24.47610607483182,0.1063,4.246,7406.704,97.4285655827276,87.51386215884716
4.189666194506625,0.1002468067008925,24.48181193051277,0.1057,4.246,7410.641,97.43482922022211,87.51386215884716
4.189761423155551,0.0994266679233112,24.480462926244847,0.1068,4.246,7414.641,97.44114102458916,87.51386215884716
4.18964822357509,0.1008159473468318,24.476848747016263,0.1063,4.246,7418.594,97.44746582321774,87.51386215884716
4.189693809984126,0.1024724682400281,24.472501681691664,0.1068,4.246,7422.563,97.45392056612633,87.51386215884716
4.18975667590271,0.1008929386068663,24.47338155923087,0.1063,4.246,7426.563,97.46032545229826,87.51386215884716
4.18982111770055,0.1009423566041953,24.48238445440957,0.1063,4.246,7430.532,97.46668381344304,87.51386215884716
4.18993370885443,0.1010827074672648,24.49500475025054,0.1068,4.246,7434.532,97.47310074652299,87.51386215884716
4.189764228105792,0.1012456536009556,24.494270240842692,0.1057,4.246,7438.485,97.479452503243,87.51386215884716
4.190015086652495,0.1019066779889764,24.50020148581258,0.1057,4.246,7442.422,97.48581985308884,87.51386215884716
4.189876324311257,0.099844264130965,24.512254181057028,0.1063,4.246,7446.375,97.492083692109,87.51386215884716
4.189800724308902,0.1000253976257839,24.49858539866728,0.1063,4.246,7450.313,97.49833508293844,87.51386215884716
4.190078488187794,0.1025510925708511,24.509185336874896,0.1057,4.246,7454.266,97.50476873779881,87.51386215884716
4.189977794271333,0.1025735353959375,24.502467706905723,0.1063,4.246,7458.204,97.5111793822325,87.51386215884716
4.190007898751338,0.1014713908830975,24.510481154141168,0.1057,4.246,7462.204,97.51762098971551,87.51386215884716
4.1901257942336185,0.1038246901920016,24.51190254711943,0.1057,4.246,7466.141,97.52410818111586,87.51386215884716
4.1899868595308245,0.09881021432223,24.50496895676815,0.1057,4.246,7470.079,97.53028362537633,87.51386215884716
4.190157852473628,0.0972467669486577,24.515493453426217,0.1057,4.246,7474.079,97.53645704525582,87.51386215884716
4.190059680528517,0.1026894305004981,24.51594563253188,0.1052,4.246,7478.032,97.54289937889737,87.51386215884716
4.189912282099015,0.0980820091590677,24.514371370412555,0.1057,4.246,7481.969,97.54902775515518,87.51386215884716
4.190034806222387,0.1001518780908629,24.515928392254995,0.1057,4.246,7485.969,97.55538559731872,87.51386215884716
4.189993475531337,0.1009193729617417,24.510857354163388,0.1057,4.246,7489.922,97.56171688446626,87.51386215884716
4.190152926853496,0.0991167101825075,24.513343225252537,0.1057,4.246,7493.86,97.56791148411581,87.51386215884716
4.190335235197865,0.1025219811131671,24.51462732666525,0.1057,4.246,7497.782,97.57429287330388,87.51386215884716
4.190290592382253,0.0983517496919786,24.510709350058143,0.1057,4.246,7501.782,97.58053643970491,87.51386215884716
4.190403743621973,0.0992625034661279,24.52247360882484,0.1057,4.246,7505.735,97.58676378133403,87.51386215884716
4.190266817066786,0.1005703578736717,24.517986384962374,0.1046,4.246,7509.688,97.59307317263864,87.51386215884716
4.1903629376978255,0.0996559181662815,24.529710787824293,0.1046,4.246,7513.688,97.59939953027107,87.51386215884716
4.190309873412765,0.0986235314646887,24.522299783516235,0.1057,4.246,7517.625,97.6055617420148,87.51386215884716
4.190506917124492,0.0988633020936019,24.50276838452897,0.1046,4.246,7521.594,97.61178914347265,87.51386215884716
4.190506543305335,0.0995405509033643,24.48914469547272,0.1046,4.246,7525.594,97.61810817735976,87.51386215884716
4.190395732140662,0.0992878786301363,24.49408111574805,0.1046,4.246,7529.532,97.62431347470098,87.51386215884716
4.190456691418847,0.0984828287235719,24.49492515097485,0.1052,4.246,7533.485,97.6304919025831,87.51386215884716
4.1905521674919095,0.1013925397424038,24.51921205145256,0.1046,4.246,7537.485,97.6369285044375,87.51386215884716
4.190497991293023,0.0996452281250089,24.535367989262785,0.1041,4.246,7541.438,97.64317985671634,87.51386215884716
4.1906188561221445,0.0979611711097093,24.530524987079765,0.1052,4.246,7545.375,97.64930068275123,87.51386215884716
4.190505831708,0.0993800494117363,24.53638381006401,0.1041,4.246,7549.375,97.65560952768163,87.51386215884716
4.190686200943434,0.100061446190627,24.53573771404417,0.1052,4.246,7553.313,97.66186317147555,87.51386215884716
4.19066619197661,0.0997777268126516,24.520577410054013,0.1052,4.246,7557.266,97.66812283620433,87.51386215884716
4.190641292737752,0.097426942425698,24.52480145190502,0.1052,4.246,7561.188,97.67418708925788,87.51386215884716
4.190790423000685,0.0994308292882007,24.52996059418705,0.1052,4.246,7565.188,97.68049915779673,87.51386215884716
4.190585483111905,0.0994074749098068,24.516218863788477,0.1041,4.246,7569.141,97.68673559436779,87.51386215884716
4.190936151520137,0.1013546590397149,24.52415909545304,0.1041,4.246,7573.079,97.69307006142397,87.51386215884716
4.190699291043968,0.0984079741313002,24.524004716127813,0.1041,4.246,7577.079,97.69931719706521,87.51386215884716
4.190724617409502,0.0981479311172929,24.523961866455352,0.1036,4.246,7581.032,97.70547461478003,87.51386215884716
4.190738723194167,0.0963749510715469,24.528735261035106,0.1036,4.246,7585.0,97.71154374543639,87.51386215884716
4.190804428324748,0.0959883503136987,24.52585620438273,0.1036,4.246,7588.938,97.71754282874046,87.51386215884716
4.190831985491878,0.0976057849588459,24.531280255116272,0.1041,4.246,7592.938,97.72373903980356,87.51386215884716
4.190980341457452,0.1002324567827635,24.53475254059097,0.1041,4.246,7596.891,97.73002723251398,87.51386215884716
4.19092814437869,0.0983024401417578,24.52962335743546,0.1036,4.246,7600.844,97.73619434352128,87.51386215884716
4.1910450656709815,0.0992895407099684,24.534716653100958,0.1041,4.246,7604.829,97.74247380615549,87.51386215884716
4.1910250874514565,0.0954115533308097,24.541290711848408,0.1041,4.246,7608.782,97.74845955421954,87.51386215884716
4.191092137111467,0.0954493180522365,24.54272949494572,0.1036,4.246,7612.735,97.75444767149466,87.51386215884716
4.190782377853981,0.0971006357042316,24.54160373846768,0.1041,4.246,7616.75,97.76063493020645,87.51386215884716
4.191167266571255,0.1001412779726518,24.539730983220487,0.103,4.246,7620.704,97.76691899200686,87.51386215884716
4.19106181448838,0.0972178936467979,24.54667027649724,0.1041,4.246,7624.672,97.77304120625566,87.51386215884716
4.191176771733767,0.0967390557105335,24.548351785459964,0.1036,4.246,7628.61,97.77908720717214,87.51386215884716
4.191144111438268,0.098385489357211,24.539668690216555,0.1041,4.246,7632.61,97.78533291543484,87.51386215884716
4.191080393747083,0.0999823446937478,24.536828605306575,0.1041,4.246,7636.547,97.79158002877062,87.51386215884716
4.191184432785177,0.0955821851833397,24.528422779617028,0.103,4.246,7640.5,97.79757648161042,87.51386215884716
4.191296007081474,0.0967863151208649,24.525435433883214,0.103,4.246,7644.5,97.80372067108402,87.51386215884716
4.191297034032561,0.0978422091652061,24.527149341540586,0.103,4.246,7648.438,97.80983561692402,87.51386215884716
4.1913687230642,0.0976211003393557,24.526542178373248,0.1036,4.246,7652.391,97.81595998333425,87.51386215884716
4.191366053088205,0.093892588350348,24.514867662421416,0.103,4.246,7656.407,97.82194431518614,87.51386215884716
4.191413691221418,0.0969043273025733,24.51494781044705,0.1025,4.246,7660.36,97.82802371405663,87.51386215884716
4.191414171412748,0.0974290347789502,24.511289494098047,0.103,4.246,7664.313,97.83413603102403,87.51386215884716
4.191301418229171,0.0949732244295206,24.50881741310629,0.103,4.246,7668.313,97.84016512186281,87.51386215884716
4.191468382060489,0.0973959006987191,24.50278067750485,0.103,4.246,7672.25,97.84625062857873,87.51386215884716
4.191658260101606,0.0955964427239924,24.50176640731992,0.103,4.246,7676.204,97.85224949304443,87.51386215884716
4.188854422184292,0.0772651589878087,24.49847919679361,0.0836,4.233,7680.204,97.85715444035993,87.51386215884716
4.188984889288735,0.0790739650515155,24.49502310372248,0.0842,4.233,7684.141,97.86209515287374,87.51386215884716
4.188768165016328,0.0782403240712501,24.486389283157028,0.0831,4.233,7688.094,97.86700364510547,87.51386215884716
4.188796037550048,0.0788883333889089,24.481414262204456,0.0831,4.233,7692.094,97.87201163478865,87.51386215884716
4.188731325691505,0.0772843358421685,24.48956984973785,0.0836,4.233,7696.032,97.87684175393649,87.51386215884716
4.189099386725767,0.0773897264052694,24.483673237280072,0.0842,4.233,7699.985,97.88169688299409,87.51386215884716
4.188813893708232,0.0747322550644776,24.48444753758551,0.0842,4.233,7703.985,97.88644103648659,87.51386215884716
4.188862864136746,0.0776482165518091,24.476780365064908,0.0842,4.233,7707.922,97.89129266514772,87.51386215884716
4.188806310327414,0.0799793673374233,24.470495742348422,0.0836,4.233,7711.875,97.89631025815916,87.51386215884716
4.1885309752347055,0.0779378032700499,24.46446203241273,0.0836,4.233,7715.875,97.90125790628329,87.51386215884716
4.188795851818785,0.076842997439635,24.4682686786566,0.0836,4.233,7719.813,97.90606044264807,87.51386215884716
4.188768482275786,0.076933584211739,24.466266101847506,0.0842,4.233,7723.75,97.91086741953356,87.51386215884716
4.188649341229181,0.0759398308775683,24.458597219305723,0.0842,4.233,7727.688,97.9156135097627,87.51386215884716
4.188755974224201,0.0789281874107685,24.453254016565555,0.0842,4.233,7731.688,97.92062402945916,87.51386215884716
4.1888434756638055,0.0791840393802619,24.45517281167521,0.0842,4.233,7735.641,97.9255917267021,87.51386215884716
4.188942018593364,0.0785101758814425,24.452375642535163,0.0831,4.233,7739.579,97.93049845844394,87.51386215884716
4.188688753504739,0.0772896864305192,24.44620727667517,0.0831,4.233,7743.579,97.93540496281072,87.51386215884716
4.188868797845963,0.0779307922358664,24.45172979307006,0.0836,4.233,7747.532,97.94029403622449,87.51386215884716
4.188778130373606,0.0787699843836617,24.44387500195157,0.0842,4.233,7751.485,97.94523575727473,87.51386215884716
4.188693451298009,0.0777523892280281,24.45152456994567,0.0842,4.233,7755.485,97.95017163494344,87.51386215884716
4.188793810722433,0.0780288597153948,24.441875140800686,0.0842,4.233,7759.422,97.95504704701344,87.51386215884716
4.188726777157786,0.0774408121162265,24.439832127503266,0.0831,4.233,7763.375,97.95990538098894,87.51386215884716
4.1888121436919885,0.0769725020640564,24.43430496958516,0.0836,4.233,7767.375,97.96479174985573,87.51386215884716
4.188778816014285,0.0746149234187161,24.433770281753567,0.0836,4.233,7771.313,97.96945503597176,87.51386215884716
4.188993477932674,0.0743059792589683,24.43497297115999,0.0842,4.233,7775.266,97.97411670278223,87.51386215884716
4.188846885085282,0.0762563828377948,24.429135361297323,0.0831,4.233,7779.266,97.97895761096376,87.51386215884716
4.188686073605303,0.0773941826046295,24.420920492721,0.0831,4.233,7783.204,97.98379459531843,87.51386215884716
4.188893666791349,0.0775490973453254,24.42255386619586,0.0836,4.233,7787.157,97.98865972268612,87.51386215884716
4.188848257923159,0.0759691450519057,24.41998079049851,0.0831,4.233,7791.094,97.99340643932511,87.51386215884716
4.188849164198552,0.0758712559774524,24.41036188754727,0.0831,4.233,7795.079,97.99820483715749,87.51386215884716
4.189025381543778,0.0742309575968103,24.4084258287303,0.0831,4.233,7799.032,98.00286179740199,87.51386215884716
4.188882925407627,0.0778940638753859,24.405872626363205,0.0842,4.233,7802.985,98.00774856662193,87.51386215884716
4.188962018978293,0.0768030809680076,24.402538356963667,0.0842,4.233,7806.969,98.01260467784293,87.51386215884716
4.189006864176441,0.0757617900149012,24.397540818844803,0.0831,4.233,7810.922,98.01735767653209,87.51386215884716
4.188949600914966,0.0757624197866599,24.39367354292363,0.0836,4.233,7814.86,98.0220926789166,87.51386215884716
4.188978890320148,0.0767198880714552,24.390719464547225,0.0836,4.233,7818.86,98.02696301134031,87.51386215884716
4.189039712464655,0.0765341035696331,24.395174331886565,0.0831,4.233,7822.829,98.03178389611811,87.51386215884716
4.189068534003318,0.0770968178304751,24.39388150781472,0.0836,4.233,7826.766,98.03660107219346,87.51386215884716
4.189100433089687,0.0779941610137111,24.395948944476263,0.0836,4.233,7830.766,98.04155229802022,87.51386215884716
4.189088668342721,0.0756269172732987,24.386061475745148,0.0836,4.233,7834.719,98.04629683532055,87.51386215884716
4.189014562826248,0.0778099083317825,24.384687379249453,0.0836,4.233,7838.672,98.0511783249505,87.51386215884716
4.189031106328304,0.0771982394081339,24.38510253330772,0.0836,4.233,7842.657,98.0560606464551,87.51386215884716
4.189107104383711,0.0776987212585092,24.386775564524264,0.0831,4.233,7846.61,98.06093516064249,87.51386215884716
4.189048293724546,0.078450013089436,24.388079627821508,0.0825,4.233,7850.547,98.06583688728699,87.51386215884716
4.189234886951812,0.076898174721708,24.397464203160308,0.0825,4.233,7854.485,98.0706428721235,87.51386215884716
4.189142624381724,0.0769848175925676,24.37792863133636,0.0825,4.233,7858.485,98.07553002280477,87.51386215884716
4.189219260521659,0.0782822536633759,24.37641215718185,0.0825,4.233,7862.438,98.08044114553527,87.51386215884716
4.189074955947323,0.076725851643998,24.37597851475937,0.0836,4.233,7866.391,98.08525462568424,87.51386215884716
4.189238633773131,0.075705198732594,24.37199522400948,0.0836,4.233,7870.375,98.09004131992126,87.51386215884716
4.189206909939455,0.0773551272239307,24.367121405192982,0.0831,4.233,7874.329,98.09489550602608,87.51386215884716
4.189286178223322,0.0775613132475034,24.36722999895844,0.0831,4.233,7878.282,98.09976139977175,87.51386215884716
4.18922076889353,0.0753636303164929,24.36507151034052,0.0825,4.233,7882.297,98.10456357511126,87.51386215884716
4.189277844516218,0.0772385601067141,24.35578783997683,0.0825,4.233,7886.266,98.109428833621,87.51386215884716
4.189251462782784,0.0756469866487436,24.35417759148008,0.0825,4.233,7890.204,98.11415662166118,87.51386215884716
4.189282792959491,0.0781465311195734,24.3521717522924,0.0831,4.233,7894.204,98.11911752024797,87.51386215884716
4.189179987393129,0.0788275268509284,24.35133448957468,0.0831,4.233,7898.141,98.12404283476951,87.51386215884716
4.1892836216785065,0.075788784173069,24.34557877679404,0.0831,4.233,7902.094,98.12879752696668,87.51386215884716
4.189296965541635,0.0749952820542803,24.3427299000566,0.0825,4.233,7906.094,98.13355837794022,87.51386215884716
4.189335114625795,0.0765092366572895,24.33722130387429,0.082,4.233,7910.047,98.13835826851128,87.51386215884716
4.189372371320006,0.0739629737912652,24.337892718717224,0.082,4.233,7914.016,98.14301719777079,87.51386215884716
4.189333933635583,0.0761012753027171,24.340993786538665,0.082,4.233,7918.0,98.1478289351682,87.51386215884716
4.189460677306953,0.0767500508857186,24.33547111024328,0.0825,4.233,7921.954,98.15264515154486,87.51386215884716
4.189440270116661,0.076083021914017,24.335842148470377,0.0825,4.233,7925.891,98.15739898345672,87.51386215884716
4.189551950828635,0.0759521803947295,24.329473408700604,0.082,4.233,7929.891,98.16222058025681,87.51386215884716
4.189383942350861,0.0754751798874169,24.327831082358767,0.082,4.233,7933.844,98.16695559814642,87.51386215884716
4.189469524637641,0.0766684737895552,24.3245832977599,0.0825,4.233,7937.797,98.17176547863299,87.51386215884716
4.189586963942359,0.0759663569521197,24.326448014089944,0.0825,4.233,7941.782,98.17656989102655,87.51386215884716
4.189780170520955,0.075141580777599,24.317182231719467,0.0825,4.233,7945.735,98.18128398021143,87.51386215884716
4.18962790561893,0.0777895221081557,24.315628451865887,0.0815,4.233,7949.672,98.18614443794961,87.51386215884716
4.189626808713195,0.0755616522002442,24.321400528185197,0.082,4.233,7953.61,98.19086689275443,87.51386215884716
4.189585256142867,0.0755813009151279,24.31967085411821,0.0815,4.233,7957.61,98.19566494538103,87.51386215884716
4.18964929503161,0.0765432145877743,24.323899744084407,0.0815,4.233,7961.563,98.20046696759469,87.51386215884716
4.189547290921901,0.0787113089788775,24.31474177451126,0.0825,4.233,7965.5,98.20538502057201,87.51386215884716
4.189643805451524,0.0751974017895377,24.318657948087825,0.0815,4.233,7969.532,98.21019689196739,87.51386215884716
4.189630183981956,0.0779263313801756,24.309695568805463,0.082,4.233,7973.469,98.21506589784504,87.51386215884716
4.189576705812619,0.0724684608124793,24.314369302535283,0.0825,4.233,7977.422,98.21961228592771,87.51386215884716
4.189754037259957,0.0753397255972513,24.322308843633127,0.0825,4.233,7981.422,98.22439500286845,87.51386215884716
4.189812294630018,0.0783996767693537,24.316290608324376,0.0815,4.233,7985.36,98.2292948286329,87.51386215884716
4.189704329323756,0.0742555310663397,24.30070557522753,0.0815,4.233,7989.313,98.23395333052086,87.51386215884716
4.189816116847063,0.076099446885998,24.309648679877014,0.0815,4.233,7993.313,98.2387842760933,87.51386215884716
4.189877339171762,0.0762857265346993,24.30352958889677,0.082,4.233,7997.25,98.24355077342865,87.51386215884716
4.189927865744218,0.0761652807907643,24.303249826995508,0.0815,4.233,8001.204,98.24833029433377,87.51386215884716
4.1898215240493535,0.0772479503974558,24.29523065886095,0.0815,4.233,8005.125,98.25313729807958,87.51386215884716
4.189972833204906,0.0757092391364716,24.30315079200829,0.082,4.233,8009.125,98.25794347248116,87.51386215884716
4.189923857033933,0.0742477730506128,24.289599563168768,0.0815,4.233,8013.079,98.26260266601093,87.51386215884716
4.189933082924158,0.075520754155898,24.28692957620389,0.082,4.233,8017.032,98.26734054305206,87.51386215884716
4.189965765114002,0.0758511894275422,24.29029765408065,0.0815,4.233,8021.016,98.27213646800017,87.51386215884716
4.189999698970461,0.0730877976849492,24.294144304106563,0.0815,4.233,8024.969,98.27672171085837,87.51386215884716
4.189908326049616,0.0736036837056113,24.28978615630107,0.0809,4.233,8028.922,98.28133931838981,87.51386215884716
4.189990525748687,0.0755135467931728,24.28614282794139,0.0809,4.233,8032.922,98.28613306984882,87.51386215884716
4.190028389573909,0.0739398009817462,24.28788300720955,0.082,4.233,8036.86,98.29075416213897,87.51386215884716
4.189943971085404,0.0752185036999548,24.2897175695441,0.0809,4.233,8040.797,98.29545397708131,87.51386215884716
4.18976277073724,0.0740595099252631,24.28320078168097,0.0815,4.233,8044.735,98.30008255094522,87.51386215884716
4.190012836902052,0.0749211369205316,24.27262326303165,0.0809,4.233,8048.719,98.30481967046055,87.51386215884716
4.190028105937799,0.0739546790991147,24.27068989054764,0.0809,4.233,8052.672,98.30945929807157,87.51386215884716
4.1899729850200185,0.0728978604120106,24.270614513822075,0.0815,4.233,8056.61,98.31401527112324,87.51386215884716
4.19010276658986,0.0739161284658101,24.27116814535109,0.0815,4.233,8060.782,98.31890938605976,87.51386215884716
4.190176046160599,0.0742723046917624,24.26314038048483,0.0804,4.233,8064.797,98.32364202206071,87.51386215884716
4.189954825136751,0.0737125853231906,24.260262352840023,0.0804,4.233,8068.735,98.32824891381861,87.51386215884716
4.190091748829203,0.0765940616435636,24.257274316575472,0.0815,4.233,8072.766,98.33314894169973,87.51386215884716
4.190279415368702,0.0749195324124677,24.25883123969871,0.0815,4.233,8076.766,98.33790498393404,87.51386215884716
4.190256295262735,0.0764858617968458,24.26422003140263,0.0815,4.233,8080.735,98.34272282996156,87.51386215884716
4.190227616116012,0.0750426193981481,24.2543313383056,0.0815,4.233,8084.704,98.34744976612032,87.51386215884716
4.190261599197367,0.0711051267176382,24.248185192957852,0.0809,4.233,8088.704,98.35196366222799,87.51386215884716
4.190295651172268,0.0721140634295954,24.248168793556648,0.0809,4.233,8092.657,98.35648781680356,87.51386215884716
4.19041780217068,0.0753999268051262,24.24947552526755,0.0815,4.233,8096.61,98.3612181136088,87.51386215884716
4.190332096943644,0.0741277862718171,24.246456513536263,0.0804,4.233,8100.625,98.36594154088681,87.51386215884716
4.190400582424824,0.0750212703016956,24.252097799580003,0.0809,4.233,8104.594,98.37066713226554,87.51386215884716
4.190459894847983,0.0745121133067269,24.243563573873452,0.0809,4.233,8108.547,98.37534173112076,87.51386215884716
4.190431037662808,0.074762934510014,24.246966054736884,0.0809,4.233,8112.547,98.38008783220602,87.51386215884716
4.1903866869079,0.0719680695174526,24.24875610532507,0.0804,4.233,8116.516,98.38462110240377,87.51386215884716
4.190431184067443,0.0751828674506159,24.24278019257927,0.0809,4.233,8120.469,98.3893377817532,87.51386215884716
4.190526861026791,0.0766788021829577,24.24135116119536,0.0804,4.233,8124.485,98.3942249768591,87.51386215884716
4.19043782078144,0.0744217652059941,24.230375808636165,0.0804,4.233,8128.438,98.3988939076275,87.51386215884716
4.190535630567866,0.0746900585283177,24.233040501589,0.0809,4.233,8132.407,98.40359863596973,87.51386215884716
4.1904703948135085,0.0773645697862626,24.232100280522136,0.0799,4.233,8136.407,98.40850989408217,87.51386215884716
4.19040978070079,0.073888093723889,24.23541469202396,0.0809,4.233,8140.375,98.41316293400357,87.51386215884716
4.190615073766837,0.0751446012858636,24.232355799740905,0.0799,4.233,8144.329,98.41787840526585,87.51386215884716
4.1905683443634745,0.0740254908069244,24.22727281505253,0.0799,4.233,8148.344,98.4225953142703,87.51386215884716
4.190595298208755,0.0756024612744079,24.241228493134937,0.0804,4.233,8152.313,98.4273575148805,87.51386215884716
4.190646500491331,0.0729383534756739,24.23378268034614,0.0799,4.233,8156.25,98.43191486110084,87.51386215884716
4.190619951887128,0.0737006649558439,24.23281075292717,0.0799,4.233,8160.266,98.4366122418478,87.51386215884716
4.190694502693309,0.076621886774461,24.23063334862037,0.0804,4.233,8164.219,98.44141919964709,87.51386215884716
4.19073293172086,0.0738613562927591,24.23579243308116,0.0799,4.233,8168.188,98.44607172801825,87.51386215884716
4.190789809803098,0.0730103652664844,24.235077679925173,0.0793,4.233,8172.204,98.4507251118695,87.51386215884716
4.190979017286923,0.0735632986178128,24.226386890930844,0.0804,4.233,8176.157,98.45534018579835,87.51386215884716
4.190614843751009,0.0729160197396781,24.22823015639392,0.0793,4.233,8180.094,98.45989613655848,87.51386215884716
4.190695618012471,0.0747431415353735,24.23107042983853,0.0793,4.233,8184.11,98.46465996052434,87.51386215884716
4.190941632515269,0.0734277053824096,24.229501211129552,0.0799,4.233,8188.079,98.46928517321564,87.51386215884716
4.190790040324439,0.0751608900037498,24.232315818019487,0.0793,4.233,8192.016,98.47398138832952,87.51386215884716
4.191006054768605,0.073914764243926,24.24052536684818,0.0804,4.233,8196.016,98.47867364586453,87.51386215884716
4.190958960345573,0.0727447501490949,24.24423203935902,0.0799,4.233,8199.969,98.48323736726068,87.51386215884716
4.19076450002175,0.0734954626325362,24.237249166024785,0.0799,4.233,8203.922,98.48784818542485,87.51386215884716
4.190959394414376,0.0716786485801758,24.244213696674965,0.0799,4.233,8207.922,98.49239848985106,87.51386215884716
4.190831525812701,0.0724120795504435,24.24455481922,0.0799,4.233,8211.875,98.49694134079364,87.51386215884716
4.191015448826564,0.0737488358715733,24.2466262707093,0.0793,4.233,8215.829,98.50156922503587,87.51386215884716
4.191092748700838,0.0757437229934265,24.2433154990054,0.0799,4.233,8219.844,98.50639561990502,87.51386215884716
4.19082283708699,0.0729328110280076,24.247686883324885,0.0793,4.233,8223.782,98.51095377730151,87.51386215884716
4.19101877198411,0.0750353676714123,24.250501797564823,0.0793,4.233,8227.75,98.51567906582495,87.51386215884716
4.190853805562414,0.0727468720071216,24.25577763480372,0.0799,4.233,8231.75,98.52029718321754,87.51386215884716
4.19122940401476,0.0728514148803848,24.25889823632232,0.0799,4.233,8235.704,98.52486875253067,87.51386215884716
4.190929096897132,0.0693056433431628,24.25950655546895,0.0793,4.233,8239.657,98.52921671780308,87.51386215884716
4.191262230794047,0.0754784143151784,24.25556133068622,0.0788,4.233,8243.672,98.53402620718632,87.51386215884716
4.191295277605994,0.0726434565815614,24.259637768552416,0.0788,4.233,8247.61,98.5385662804984,87.51386215884716
4.19118383923545,0.073940487934493,24.26720170131817,0.0799,4.233,8251.579,98.54322379337331,87.51386215884716
4.191033969735866,0.0714881998391377,24.267590215496973,0.0793,4.233,8255.579,98.54776200773132,87.51386215884716
4.191249741948983,0.0719504819725334,24.26779291218829,0.0793,4.233,8259.563,98.55231129844283,87.51386215884716
4.191240981235631,0.0718283921993303,24.275434327617475,0.0788,4.233,8263.516,98.5568175311216,87.51386215884716
4.191307032937692,0.0719202613434031,24.28165328507918,0.0793,4.233,8267.532,98.56140143618072,87.51386215884716
4.191374714995546,0.0719165303273212,24.28284949895172,0.0788,4.233,8271.485,98.56591319830126,87.51386215884716
4.19112147523672,0.0758789227971946,24.2786462139204,0.0793,4.233,8275.438,98.57067354544351,87.51386215884716
4.191515903214567,0.0704784274508948,24.28325714332564,0.0782,4.233,8279.454,98.57516555387224,87.51386215884716
4.191452058894343,0.0740816080194836,24.28633354827644,0.0782,4.233,8283.391,98.57979433311137,87.51386215884716
4.1912821613473445,0.07089262496742,24.28975783689874,0.0793,4.233,8287.36,98.58425986103451,87.51386215884716
4.191373488480036,0.0744949105350904,24.28315506569594,0.0782,4.233,8291.375,98.58900668149403,87.51386215884716
4.19155896377979,0.0711815484431043,24.2920609597591,0.0782,4.233,8295.329,98.59347346340975,87.51386215884716
4.188857613841683,0.0548523683410801,24.29891558899274,0.0594,4.221,8299.297,98.59692774469934,87.51386215884716
4.188761334802934,0.0536826527919706,24.29907372515533,0.0588,4.221,8303.297,98.60033562720616,87.51386215884716
4.188683147320638,0.0537637631510765,24.30336602400012,0.0588,4.221,8307.25,98.60370855564055,87.51386215884716
4.188775510623167,0.0532444551966554,24.30051808777185,0.0599,4.221,8311.204,98.60704974973913,87.51386215884716
4.188857676577431,0.0531649747684247,24.299885693232927,0.0599,4.221,8315.204,98.61042476900636,87.51386215884716
4.188699924627116,0.0542645068510621,24.301492339715463,0.0599,4.221,8319.157,98.61382911214397,87.51386215884716
4.1887187682695455,0.0506769232488821,24.297203586089648,0.0594,4.221,8323.11,98.61700838430379,87.51386215884716
4.18876324160932,0.0531978740644193,24.30606188695693,0.0599,4.221,8327.047,98.62033230263678,87.51386215884716
4.1886752193269725,0.0519270948142305,24.301070661456716,0.0599,4.221,8331.047,98.62362873880087,87.51386215884716
4.188633560820521,0.050919974933728,24.30818033847955,0.0599,4.221,8335.0,98.62682325907373,87.51386215884716
4.1886129528078575,0.05357780536719,24.31220997038053,0.0599,4.221,8338.969,98.63019812614965,87.51386215884716
4.188685611995749,0.0551598820209751,24.30660523089474,0.0599,4.221,8342.954,98.63368665490688,87.51386215884716
4.188510934364104,0.0538714337518259,24.30421655120401,0.0599,4.221,8346.922,98.63707916267418,87.51386215884716
4.188621089968434,0.0546180141236282,24.307370327986582,0.0594,4.221,8350.875,98.64050568347686,87.51386215884716
4.188642347443495,0.0535892176707392,24.303381346330216,0.0594,4.221,8354.875,98.64390763453473,87.51386215884716
4.188686985051858,0.0521763363093184,24.305715838016365,0.0594,4.221,8358.813,98.64716855304201,87.51386215884716
4.188692143396566,0.0530803878258332,24.309092905930516,0.0599,4.221,8362.782,98.65051208777663,87.51386215884716
4.18852049997571,0.0522301442220283,24.309554548872903,0.0594,4.221,8366.782,98.65382776212516,87.51386215884716
4.188581758532146,0.0542134474752595,24.317621531943328,0.0594,4.221,8370.782,98.65726934054344,87.51386215884716
4.1885689410583495,0.0531060285351094,24.30870376007705,0.0599,4.221,8374.735,98.66060100527793,87.51386215884716
4.188543154517029,0.0510260632721033,24.314265421270598,0.0605,4.221,8378.735,98.6638402421519,87.51386215884716
4.188719551461803,0.0522217462610504,24.32512639023837,0.0599,4.221,8382.672,98.66710316990665,87.51386215884716
4.188484983474048,0.0518531949508206,24.3235551293973,0.0599,4.221,8386.641,98.67036940373653,87.51386215884716
4.188565862270497,0.0536401302859048,24.323080761222663,0.0599,4.221,8390.641,98.67377458682934,87.51386215884716
4.18862578593091,0.0540238157894465,24.31982940613188,0.0599,4.221,8394.594,98.67716382995019,87.51386215884716
4.188528993927332,0.0554165456820169,24.326668880558984,0.0599,4.221,8398.547,98.68064044750281,87.51386215884716
4.188797352569329,0.0531053679701321,24.32625291612317,0.0599,4.221,8402.579,98.68403865269336,87.51386215884716
4.188530677458632,0.0527921954070306,24.327750859144736,0.0599,4.221,8406.532,98.6873506287636,87.51386215884716
4.188647711851795,0.0546167744882734,24.325472849224283,0.0594,4.221,8410.485,98.69077707179639,87.51386215884716
4.188452996501382,0.0517727179260537,24.33309382981706,0.0599,4.221,8414.5,98.6940760326909,87.51386215884716
4.188556198210858,0.0526105796396807,24.340527868166426,0.0599,4.221,8418.438,98.69736409055318,87.51386215884716
4.188647187926107,0.0556738166575104,24.337654001920992,0.0594,4.221,8422.391,98.70085684828159,87.51386215884716
4.188591372067927,0.053980738465,24.341620859287666,0.0594,4.221,8426.407,98.70429736108734,87.51386215884716
4.188466956709705,0.054306699823031,24.33684224078536,0.0594,4.221,8430.36,98.70770435124714,87.51386215884716
4.1886543056842696,0.053670667294338,24.3410454731484,0.0599,4.221,8434.313,98.71107143921122,87.51386215884716
4.188703224564276,0.0537694644029481,24.349426175680318,0.0594,4.221,8438.313,98.7144848326933,87.51386215884716
4.1886883732121145,0.0557302958161039,24.344127379669427,0.0599,4.221,8442.282,98.71799528518741,87.51386215884716
4.188504442146476,0.0544697213075896,24.35461080545356,0.0594,4.221,8446.235,98.72141250267822,87.51386215884716
4.188688044328369,0.0540734032128965,24.352854908558506,0.0594,4.221,8450.235,98.72484519080574,87.51386215884716
4.188669141015261,0.0512784521034057,24.347150295603065,0.0599,4.221,8454.188,98.7280622005356,87.51386215884716
4.188720625893064,0.052686532447403,24.36327383627216,0.0594,4.221,8458.157,98.73138092631174,87.51386215884716
4.18873835954075,0.0539428621345377,24.36868578236202,0.0599,4.221,8462.157,98.73480532742971,87.51386215884716
4.188692700193752,0.0553992422559224,24.369014107783524,0.0588,4.221,8466.11,98.73828085943298,87.51386215884716
4.1885997760811335,0.052231202950875,24.36965613151767,0.0599,4.221,8470.063,98.74155764102842,87.51386215884716
4.188680463870775,0.0536904025214383,24.37492341538936,0.0594,4.221,8474.063,98.74496601550362,87.51386215884716
4.188685112697093,0.0531550683889659,24.373066467840367,0.0594,4.221,8478.016,98.74830075680691,87.51386215884716
4.188825684118877,0.0546646618839159,24.382194950724333,0.0599,4.221,8481.969,98.7517302041078,87.51386215884716
4.188742369131049,0.0521710656631934,24.374540828422905,0.0588,4.221,8485.985,98.75505537572657,87.51386215884716
4.188958289417192,0.0534299122638542,24.37908403112565,0.0588,4.221,8489.922,98.75839379230858,87.51386215884716
4.188651668136957,0.0547695010000864,24.38342127818188,0.0599,4.221,8493.891,98.76184372431723,87.51386215884716
4.188782885668182,0.0526267583665805,24.38022009859483,0.0588,4.221,8497.891,98.7651845765274,87.51386215884716
4.188832560948293,0.0539419863759745,24.38762447516116,0.0599,4.221,8501.829,98.76855584469486,87.51386215884716
4.188772366529728,0.0536518874974146,24.393717212815357,0.0599,4.221,8505.797,98.77193452672334,87.51386215884716
4.188824105507897,0.0544042886577086,24.39051224906581,0.0588,4.221,8509.813,98.7754020348964,87.51386215884716
4.188916968980171,0.0531820083995566,24.395773576730654,0.0588,4.221,8513.75,98.77872496190831,87.51386215884716
4.188848555838269,0.0521025830610988,24.39614719185368,0.0594,4.221,8517.719,98.78200690470045,87.51386215884716
4.188942825486881,0.0520929011787734,24.39984012538702,0.0594,4.221,8521.719,98.78531386658523,87.51386215884716
4.18867650157437,0.0523162642005813,24.406660374493256,0.0588,4.221,8525.672,98.78859598459111,87.51386215884716
4.1887303301813015,0.0572108865963873,24.413079928674048,0.0588,4.221,8529.625,98.79218517208184,87.51386215884716
4.189002628804655,0.0515091770649757,24.41680637591814,0.0599,4.221,8533.625,98.79545507798872,87.51386215884716
4.188960460958967,0.0532191746645666,24.42605818652304,0.0594,4.221,8537.594,98.7988073549092,87.51386215884716
4.188684698034013,0.0502141673316285,24.4281020766472,0.0588,4.221,8541.547,98.80195759557085,87.51386215884716
4.189075345730781,0.0531180968757565,24.42965672812348,0.0594,4.221,8545.547,98.8053296389354,87.51386215884716
4.188829836971785,0.0513778884150082,24.418638194731187,0.0594,4.221,8549.5,98.80855288691093,87.51386215884716
4.188691287861484,0.053414088611812,24.42586322653224,0.0588,4.221,8553.454,98.81190472583934,87.51386215884716
4.188963773453576,0.0563942112257292,24.418012082499992,0.0588,4.221,8557.469,98.81549816858222,87.51386215884716
4.188992017401203,0.0581606043481084,24.424344184505,0.0583,4.221,8561.407,98.81913309208451,87.51386215884716
4.189027972388697,0.0522937741121965,24.42708978653548,0.0583,4.221,8565.36,98.82241379915013,87.51386215884716
4.1889462310915,0.051360195259946,24.432189062063134,0.0588,4.221,8569.36,98.8256742473931,87.51386215884716
4.188970330949148,0.053192856164037,24.43225299100188,0.0594,4.221,8573.313,98.82901135935376,87.51386215884716
4.189031886757994,0.0517555303414098,24.43254639387812,0.0583,4.221,8577.282,98.83227144128786,87.51386215884716
4.188918005355392,0.0528904651308815,24.426916911118223,0.0594,4.221,8581.282,98.83562903413254,87.51386215884716
4.1891019816640345,0.0515512504668268,24.435155808826615,0.0588,4.221,8585.235,98.83886315816582,87.51386215884716
4.189143242671937,0.0537228263100045,24.44571113580982,0.0594,4.221,8589.188,98.84223351838274,87.51386215884716
4.189094824804892,0.0528961403214792,24.438343750224583,0.0583,4.221,8593.188,98.84559147149989,87.51386215884716
4.189164297554371,0.0524052861371918,24.44304332966565,0.0583,4.221,8597.141,98.84887917439427,87.51386215884716
4.189218649905949,0.0508420476995823,24.4497135583397,0.0588,4.221,8601.094,98.85206880581694,87.51386215884716
4.1893207582233485,0.0515835282679007,24.446364447473336,0.0583,4.221,8605.094,98.85534343168733,87.51386215884716
4.189081302244626,0.0544558349627417,24.44532810994588,0.0583,4.221,8609.047,98.85875977800312,87.51386215884716
4.189000616497185,0.0503975242277804,24.447499110731776,0.0594,4.221,8613.0,98.86192152176004,87.51386215884716
4.189101540775486,0.0506871607706258,24.457205462618937,0.0583,4.221,8617.0,98.86513924442325,87.51386215884716
4.189014371168806,0.0539132526345167,24.460837236179703,0.0588,4.221,8620.954,98.86852240687409,87.51386215884716
4.189005688760328,0.0533805752785308,24.463418874908065,0.0583,4.221,8624.907,98.87187129559855,87.51386215884716
4.1890977667611455,0.052775979479314,24.448939320671226,0.0583,4.221,8628.844,98.87516885304456,87.51386215884716
4.189129634125391,0.053243556928828,24.447134021043176,0.0588,4.221,8632.86,98.87856238089628,87.51386215884716
4.189154416861728,0.0541036842173001,24.45544020717709,0.0583,4.221,8636.813,98.88195663465022,87.51386215884716
4.1891987680866345,0.0531786981111631,24.4636588981969,0.0588,4.221,8640.766,98.88529285838996,87.51386215884716
4.189188300486156,0.0525903576687997,24.45797211822045,0.0583,4.221,8644.782,98.8886447539765,87.51386215884716
4.1890986566119786,0.0555308211350793,24.4671204333973,0.0583,4.221,8648.719,98.89211443989278,87.51386215884716
4.189451736467468,0.0521872841545277,24.475790295264428,0.0583,4.221,8652.672,98.89538846619453,87.51386215884716
4.189242756838016,0.0535052211346984,24.469140675513863,0.0583,4.221,8656.672,98.89878508498376,87.51386215884716
4.189336185977102,0.0555524353990908,24.46945387750736,0.0583,4.221,8660.657,98.90229844036674,87.51386215884716
4.189068694087305,0.0527231012343905,24.470147444513668,0.0588,4.221,8664.844,98.9058018793811,87.51386215884716
4.1893641039535074,0.0536366998203068,24.476283337845786,0.0583,4.221,8668.813,98.90918045621984,87.51386215884716
4.189231073415735,0.0518512710923832,24.47264923221406,0.0578,4.221,8672.829,98.91248524543282,87.51386215884716
4.189343913199804,0.0518746074030087,24.4743960850736,0.0588,4.221,8676.766,98.91572648320025,87.51386215884716
4.189468698627737,0.0541862598025527,24.473187513776917,0.0578,4.221,8680.719,98.91912591742376,87.51386215884716
4.189348196983688,0.0555560570654462,24.487518882137017,0.0588,4.221,8684.735,98.9226668346325,87.51386215884716
4.189423827362784,0.055864321105133,24.480896398082223,0.0583,4.221,8688.672,98.92615735834885,87.51386215884716
4.18933672911908,0.0519478322047822,24.481725457839943,0.0578,4.221,8692.657,98.92944274439178,87.51386215884716
4.189374387126378,0.0532870313453592,24.488267695793947,0.0578,4.221,8696.657,98.93282551205542,87.51386215884716
4.189511301639102,0.0520533561340734,24.499785029971942,0.0578,4.221,8700.61,98.93609113623644,87.51386215884716
4.189322517836392,0.0519614395875453,24.50263477347518,0.0578,4.221,8704.563,98.93935099393249,87.51386215884716
4.189321946928158,0.0506560385827787,24.50659307544908,0.0583,4.221,8708.547,98.94255387790894,87.51386215884716
4.189414804472391,0.0486854634755578,24.499073607164355,0.0583,4.221,8712.5,98.9456082136636,87.51386215884716
4.189502773942861,0.0499731255597064,24.49061358359882,0.0578,4.221,8716.454,98.94874412540486,87.51386215884716
4.189380927902054,0.0545217126269489,24.48422757725452,0.0578,4.221,8720.454,98.95220527311346,87.51386215884716
4.189524522589285,0.0515088077728437,24.49020272199186,0.0583,4.221,8724.407,98.95543673445798,87.51386215884716
4.1895402266215305,0.0526967588539321,24.497375297143563,0.0578,4.221,8728.344,98.95872934202782,87.51386215884716
4.189554156128725,0.0519876741817332,24.49450054469163,0.0583,4.221,8732.36,98.96204282501915,87.51386215884716
4.189488158454305,0.0527619420038474,24.49930144136216,0.0583,4.221,8736.297,98.96533950537332,87.51386215884716
4.189554012041425,0.0510124406735626,24.50066618478487,0.0578,4.221,8740.25,98.96853982658543,87.51386215884716
4.1896297977386645,0.0538518195504019,24.50076284323863,0.0578,4.221,8744.25,98.97195844813749,87.51386215884716
4.189726083772079,0.0527662360855086,24.50218962545489,0.0583,4.221,8748.204,98.97526963304793,87.51386215884716
4.189567447038808,0.0556177375840115,24.50733564569805,0.0572,4.221,8752.157,98.9787588725944,87.51386215884716
4.189587993389689,0.0533995286690238,24.503234064331785,0.0578,4.221,8756.157,98.98214878181383,87.51386215884716
4.189628700459218,0.0513302775462805,24.506654137085103,0.0583,4.221,8760.125,98.98538126242828,87.51386215884716
4.189545793011023,0.0493691225245757,24.50487237696384,0.0583,4.221,8764.079,98.98847927179321,87.51386215884716
4.189551785655644,0.0497130215039884,24.52099149590364,0.0572,4.221,8768.079,98.9916351541413,87.51386215884716
4.189592831859816,0.0536170025361502,24.52002198491218,0.0578,4.221,8772.032,98.99499887538813,87.51386215884716
4.189598684730856,0.0533615582169049,24.521323618918064,0.0578,4.221,8775.985,98.99834657105643,87.51386215884716
4.189702138563872,0.0519452260216617,24.522137613430647,0.0578,4.221,8779.985,99.00164415822593,87.51386215884716
4.189691731830395,0.0547349573555307,24.53003537224631,0.0583,4.221,8783.938,99.00507801559006,87.51386215884716
4.189665317776116,0.054790530987533,24.534891098638543,0.0583,4.221,8787.891,99.00851535942672,87.51386215884716
4.189655486994612,0.0536344129699068,24.535991674906825,0.0572,4.221,8791.891,99.01192017957284,87.51386215884716
4.189720264274686,0.051590743286689,24.5349521107248,0.0572,4.221,8795.844,99.01515678123135,87.51386215884716
4.189731869022147,0.0533780773213731,24.545475618728275,0.0572,4.221,8799.797,99.01850551324372,87.51386215884716
4.189603981233133,0.0521050595167147,24.53896203270997,0.0578,4.221,8803.813,99.02182647789907,87.51386215884716
4.189921316355019,0.0533492631325688,24.55131488417953,0.0567,4.221,8807.766,99.02517340222181,87.51386215884716
4.189795987989862,0.0515219875134449,24.55031521017205,0.0572,4.221,8811.719,99.02840569041174,87.51386215884716
4.1897035223236365,0.050264207306617,24.544919536452163,0.0578,4.221,8815.735,99.0316093266314,87.51386215884716
4.189704167522486,0.0487753551067244,24.54076208301105,0.0567,4.221,8819.688,99.03466930183578,87.51386215884716
4.189828112565486,0.0504006483262626,24.5446469450816,0.0578,4.221,8823.625,99.03781844344928,87.51386215884716
4.190077543630663,0.0499253734095285,24.535497989503465,0.0578,4.221,8827.563,99.04093868119787,87.51386215884716
4.189857610014798,0.0505995891309232,24.54245499408913,0.0567,4.221,8831.579,99.04416369329145,87.51386215884716
4.189897369594892,0.0513400952041102,24.53275588229821,0.0567,4.221,8835.516,99.0473715335796,87.51386215884716
4.189907938530135,0.0483170418633208,24.536869459224125,0.0567,4.221,8839.5,99.05042652728818,87.51386215884716
4.189903202848248,0.0519694338303121,24.53305220360373,0.0572,4.221,8843.5,99.05372565121796,87.51386215884716
4.189929897546877,0.0532253271521736,24.53215001941724,0.0567,4.221,8847.454,99.0570656449942,87.51386215884716
4.189825403617322,0.0498200343752939,24.53028017557527,0.0578,4.221,8851.422,99.06020301932814,87.51386215884716
4.189982295964479,0.0525107796055122,24.538660101504924,0.0578,4.221,8855.422,99.06353650897387,87.51386215884716
4.19014549110824,0.0539248503592509,24.538326011309,0.0578,4.221,8859.375,99.06691954339028,87.51386215884716
4.190060114298824,0.0529850387327813,24.528294887040207,0.0572,4.221,8863.329,99.07024445859645,87.51386215884716
4.189925944389663,0.0491775386400567,24.54199923964533,0.0567,4.221,8867.329,99.07336634741796,87.51386215884716
4.190011433125139,0.0524959121940033,24.542571014232177,0.0567,4.221,8871.313,99.07668556306723,87.51386215884716
4.189917400159492,0.0472458283287239,24.53754383465926,0.0578,4.221,8875.266,99.07964958173773,87.51386215884716
4.190081476408696,0.0499395394976742,24.53952395457796,0.0572,4.221,8879.266,99.08281984390254,87.51386215884716
4.189954652643968,0.0513477388122726,24.544979525407303,0.0572,4.221,8883.25,99.08606646275527,87.51386215884716
4.190162470525238,0.0528915451144249,24.55279463496175,0.0567,4.221,8887.235,99.0894115329292,87.51386215884716
4.190280139804497,0.0496293425786548,24.54982842893378,0.0567,4.221,8891.25,99.09257391780962,87.51386215884716
4.189930345324012,0.0499389688423251,24.549508452761568,0.0567,4.221,8895.204,99.0957076861498,87.51386215884716
4.19004319225255,0.0515445061092658,24.556359831490244,0.0572,4.221,8899.157,99.09894138706845,87.51386215884716
4.190095443075439,0.0529079658738069,24.55599512411122,0.0567,4.221,8903.157,99.10230009089538,87.51386215884716
4.190048173163405,0.0498080793119427,24.56531282382588,0.0561,4.221,8907.11,99.10542485518135,87.51386215884716
4.1900985370258494,0.0501922945690432,24.580963446445864,0.0561,4.221,8911.047,99.10856097840109,87.51386215884716
4.190238580102553,0.049306038943052,24.57374405605949,0.0561,4.221,8915.125,99.11175206058208,87.51386215884716
4.190239459183137,0.0512730254711878,24.576514060597567,0.0561,4.221,8919.079,99.11496954359485,87.51386215884716
4.190248962035156,0.050157749859401,24.589980141092497,0.0567,4.221,8923.266,99.1183025155486,87.51386215884716
4.190281297626353,0.0496613046090868,24.589382191927424,0.0572,4.221,8927.266,99.12145511480443,87.51386215884716
4.190294946950157,0.0504407544583287,24.582808313344767,0.0572,4.221,8931.235,99.12463237897828,87.51386215884716
4.190098056239252,0.0498593369909733,24.590218616652297,0.0561,4.221,8935.188,99.12776035897075,87.51386215884716
4.190091634290428,0.0507920068056727,24.591470853612087,0.0561,4.221,8939.125,99.13093395350926,87.51386215884716
4.19016769667573,0.0466825969039623,24.58678507134208,0.0567,4.221,8943.125,99.13389745842358,87.51386215884716
4.190373536074357,0.0501641466002292,24.586660532856943,0.0567,4.221,8947.079,99.13704535711014,87.51386215884716
4.190255038114348,0.0501932078291085,24.592147615208336,0.0561,4.221,8951.032,99.1401942828545,87.51386215884716
4.190213508088695,0.0485948848884505,24.599236439216803,0.0561,4.221,8955.032,99.14327918364683,87.51386215884716
4.190326341212128,0.0490001174436874,24.607563309040167,0.0561,4.221,8958.985,99.14635325956203,87.51386215884716
4.190350385907039,0.0493539230904626,24.616266202632723,0.0567,4.221,8962.954,99.14946206420538,87.51386215884716
4.190457666774182,0.0500650007245114,24.61938631929114,0.0567,4.221,8966.954,99.15264029090058,87.51386215884716
4.1903644429843325,0.0517215275815055,24.620521017582185,0.0567,4.221,8970.891,99.15587196390938,87.51386215884716
4.190414406363706,0.0493998285084623,24.62300815978836,0.0567,4.221,8974.844,99.15897111613504,87.51386215884716
4.190590633241995,0.0495675625789109,24.632211995768586,0.0567,4.221,8978.782,99.1620689914097,87.51386215884716
4.190499019107889,0.0527800873097595,24.63768362795473,0.0567,4.221,8982.782,99.16541957724883,87.51386215884716
4.190309411890239,0.0522827012323617,24.63785180358039,0.0561,4.221,8986.735,99.16869958964523,87.51386215884716
4.190503221056831,0.0512839094648696,24.63924005882916,0.0556,4.221,8990.688,99.17191694174862,87.51386215884716
4.190511905315288,0.0482060457147309,24.641670811028632,0.0556,4.221,8994.688,99.17497715825004,87.51386215884716
4.1904440282326965,0.0513961331467684,24.643082735668777,0.0556,4.221,8998.641,99.17820155082876,87.51386215884716
4.190502814218335,0.0521951855798598,24.64735247446781,0.0556,4.221,9002.579,99.18146364737842,87.51386215884716
4.190539173703936,0.0516698051379486,24.637646592579888,0.0556,4.221,9006.516,99.18469208865697,87.51386215884716
4.190624358073052,0.0499880825159973,24.630456642831263,0.0556,4.221,9010.516,99.18786543242997,87.51386215884716
4.190557384158934,0.0479813016641461,24.633681616239567,0.0556,4.221,9014.469,99.1908755918239,87.51386215884716
4.190580649181452,0.0509232826741448,24.63118449844167,0.0561,4.221,9018.438,99.1940832504601,87.51386215884716
4.190485881680888,0.0513340945589394,24.6339516652074,0.0561,4.221,9022.422,99.19732900661292,87.51386215884716
4.190550576651035,0.0518705783218634,24.640289454693036,0.0561,4.221,9026.375,99.20058316402816,87.51386215884716
4.1906412985144765,0.050481664958504,24.64169335581246,0.0561,4.221,9030.344,99.20376300515525,87.51386215884716
4.190611582037044,0.0475619516102713,24.659558699586103,0.0561,4.221,9034.282,99.20673553368485,87.51386215884716
4.190683346753432,0.0493181871631565,24.64660466413025,0.0561,4.221,9038.282,99.20986635115679,87.51386215884716
4.190716149049073,0.0507272846489526,24.65174624276101,0.0556,4.221,9042.235,99.21304878279406,87.51386215884716
4.190633079657138,0.0489451199198913,24.65217936476389,0.0561,4.221,9046.188,99.21611940837953,87.51386215884716
4.190657947428012,0.0475100439139055,24.657924554880125,0.0561,4.221,9050.188,99.21913544129019,87.51386215884716
4.19081940854332,0.0471526053680056,24.65746722377589,0.0561,4.221,9054.141,99.22209361151636,87.51386215884716
4.190776718138039,0.0498919390603828,24.65441268088194,0.0556,4.221,9058.11,99.22523630579686,87.51386215884716
4.190671743172631,0.0483208008658674,24.66108177825015,0.0556,4.221,9062.11,99.2283038071855,87.51386215884716
4.190745351990369,0.0486414918115061,24.657068468380917,0.0551,4.221,9066.047,99.2313430328918,87.51386215884716
4.190806698343229,0.049637453965585,24.643765790339884,0.0551,4.221,9070.0,99.2344570928102,87.51386215884716
4.190856391889276,0.047502455551855,24.644682318574475,0.0551,4.221,9073.938,99.23742590295304,87.51386215884716
4.190771606560699,0.0510530711527995,24.651922724463304,0.0551,4.221,9077.938,99.24066685434147,87.51386215884716
4.190925647720764,0.0465822610957105,24.65537829283779,0.0551,4.221,9081.891,99.24358924339644,87.51386215884716
4.190809899361568,0.0493747123479371,24.655052118734883,0.0556,4.221,9085.844,99.24668681993234,87.51386215884716
4.190957936431826,0.0482839615216867,24.65846881619091,0.0551,4.221,9089.86,99.24976424333653,87.51386215884716
4.190742734194759,0.0498523077417486,24.667948720339577,0.0551,4.221,9093.813,99.25289178234135,87.51386215884716
4.190873242618263,0.0490295007719507,24.676363259980743,0.0556,4.221,9097.782,99.2559801516161,87.51386215884716
4.19070142828234,0.0510020851714409,24.684277932873904,0.0551,4.221,9101.782,99.25921786631213,87.51386215884716
4.190934101982383,0.0507295063877007,24.70350367697449,0.0556,4.221,9105.735,99.26240043733262,87.51386215884716
4.190833669930694,0.0499038735654502,24.702776331936803,0.0556,4.221,9109.688,99.26553121137576,87.51386215884716
4.191049029737692,0.052507680522043,24.71583201887307,0.0556,4.221,9113.688,99.26886450428543,87.51386215884716
4.190915792910462,0.0502648063260793,24.713488470021787,0.0556,4.221,9117.641,99.27201792183973,87.51386215884716
4.191001146732393,0.0503214267720254,24.702483820285718,0.0551,4.221,9121.594,99.27517489153959,87.51386215884716
4.191127540851941,0.04940372689896,24.707521267131003,0.0545,4.221,9125.594,99.27831113924559,87.51386215884716
4.190941152783892,0.0500004536183071,24.712388923518525,0.0556,4.221,9129.563,99.28146066886035,87.51386215884716
4.190868538822343,0.0492927944317193,24.69724082736107,0.0551,4.221,9133.532,99.2845656230082,87.51386215884716
4.19101947383449,0.0508423497774489,24.69035628542929,0.0545,4.221,9137.532,99.28779319738095,87.51386215884716
4.1910797356080165,0.0502187185133262,24.683014561486075,0.0545,4.221,9141.485,99.29094372356595,87.51386215884716
4.190969710234339,0.0489264664985419,24.6706001174653,0.0556,4.221,9145.438,99.29401317890863,87.51386215884716
4.191189740337142,0.0485782813803042,24.67502712063233,0.0551,4.221,9149.438,99.29709702567693,87.51386215884716
4.191095187812804,0.049585602597437,24.67605522770395,0.0551,4.221,9153.391,99.3002078326431,87.51386215884716
4.190877552448978,0.0491803383850012,24.686687470119388,0.0545,4.221,9157.344,99.303293214916,87.51386215884716
4.191186742426521,0.0490733578326054,24.68967526456153,0.0551,4.221,9161.375,99.30643263351374,87.51386215884716
4.191125608449607,0.0508230388079633,24.69983108916785,0.0551,4.221,9165.329,99.30962187897994,87.51386215884716
4.191226461298245,0.0480055526626305,24.679614167741946,0.0545,4.221,9169.282,99.31263355978675,87.51386215884716
4.191255047049453,0.0476045438925274,24.65566963814475,0.0551,4.221,9173.282,99.31565559174565,87.51386215884716
4.191242760562986,0.0493757033116808,24.65407727042105,0.0545,4.221,9177.25,99.31876498470841,87.51386215884716
4.1912338524123625,0.0509708118706839,24.655471928682825,0.0545,4.221,9181.204,99.32196350322442,87.51386215884716
4.191250245486277,0.0486673454762412,24.68744700686984,0.054,4.221,9185.204,99.32505300396024,87.51386215884716
4.191204727638065,0.0467387653343744,24.71791916919725,0.0551,4.221,9189.157,99.32798521147967,87.51386215884716
4.191380555079241,0.0474319077859674,24.746632166171057,0.0551,4.221,9193.141,99.33098423986148,87.51386215884716
4.191114490720207,0.0506145339336978,24.75135198449464,0.0551,4.221,9197.141,99.33419735202737,87.51386215884716
4.191157705190789,0.0497990535430991,24.73156665085987,0.0551,4.221,9201.094,99.33732155007185,87.51386215884716
4.191255110670982,0.0478205373820697,24.719387456367727,0.054,4.221,9205.047,99.34032162374285,87.51386215884716
4.191368605367315,0.0492983773681626,24.72599834565592,0.0545,4.221,9209.047,99.34345118364926,87.51386215884716
4.191446339083679,0.0469738513031115,24.74681257295353,0.054,4.221,9213.0,99.34639813954384,87.51386215884716
4.191380602711246,0.046444456082151,24.7707077728471,0.0551,4.221,9216.954,99.34931262034752,87.51386215884716
4.191317422814965,0.0481967583459643,24.78434249676996,0.054,4.221,9220.969,99.35238372086908,87.51386215884716
4.191456554531449,0.048560525557693,24.78786371854136,0.054,4.221,9224.922,99.35543021850694,87.51386215884716
4.191494888543731,0.0481565330986289,24.79424525371452,0.0545,4.221,9228.86,99.35843990721138,87.51386215884716
4.191335553413468,0.0470309662113268,24.805903688359216,0.0545,4.221,9232.86,99.36142552730827,87.51386215884716
4.191449254586588,0.0468243539727965,24.828526857506457,0.0545,4.221,9236.813,99.36436310432445,87.51386215884716
4.191276737734916,0.05070372454642,24.83646848848382,0.0545,4.221,9240.766,99.36754405789296,87.51386215884716
4.191486881079919,0.047842067805366,24.817683890873955,0.054,4.221,9244.766,99.37058116834642,87.51386215884716
4.191403080789379,0.0488829392940765,24.79415092290094,0.054,4.221,9248.719,99.37364789296237,87.51386215884716
4.191501749343564,0.0486532040418715,24.766770229056824,0.054,4.221,9252.672,99.3767002048862,87.51386215884716
4.191251196797445,0.048957523823046,24.746275372894804,0.0545,4.221,9256.672,99.3798081267257,87.51386215884716
4.191424320745088,0.0509538881958243,24.739501547981213,0.0545,4.221,9260.625,99.38300477458412,87.51386215884716
4.19145322839793,0.0482693481553527,24.74667117218499,0.0534,4.221,9264.579,99.38603377094822,87.51386215884716
4.191698982915288,0.0494166230206938,24.766014052644834,0.0545,4.221,9268.579,99.38917083732589,87.51386215884716
4.188933951304114,0.02968850033828,24.76983966718002,0.034,4.208,9272.532,99.39103337783823,87.51386215884716
4.188981900821038,0.028487755636697,24.76484990857457,0.034,4.208,9276.485,99.39282058831957,87.51386215884716
4.188894376366692,0.0282015607558447,24.76453816787995,0.0351,4.208,9280.5,99.394617593573,87.51386215884716
4.188782730879411,0.028670782495296,24.766043160718485,0.0351,4.208,9284.438,99.39640946114882,87.51386215884716
4.188825607953921,0.0277766881341239,24.767583958092672,0.0351,4.208,9288.391,99.39815206203332,87.51386215884716
4.188613907652231,0.0317009361777383,24.764889673315945,0.0346,4.208,9292.407,99.40017255082199,87.51386215884716
4.188826207602528,0.0283817925301333,24.766948946284447,0.0346,4.208,9296.36,99.40195311359203,87.51386215884716
4.188704945338842,0.029405501657253,24.783024244813262,0.0346,4.208,9300.313,99.40379789987287,87.51386215884716
4.188822594208297,0.0284406361005151,24.78528137895121,0.0351,4.208,9304.313,99.40560336851514,87.51386215884716
4.188552322981729,0.0306308728852452,24.798267285768983,0.0357,4.208,9308.266,99.40752502979906,87.51386215884716
4.188624994924326,0.0292658872751148,24.807029341160945,0.0346,4.208,9312.219,99.40936105721906,87.51386215884716
4.188738731266506,0.0299555681095375,24.807195267592714,0.0351,4.208,9316.219,99.41126269678479,87.51386215884716
4.1887419968975,0.0306926692456615,24.808126908346853,0.0351,4.208,9320.172,99.4131882349309,87.51386215884716
4.188575589778797,0.0282821596665615,24.81156579342306,0.0357,4.208,9324.141,99.41496972875731,87.51386215884716
4.188655189455475,0.0288355737911921,24.799583744110755,0.0351,4.208,9328.157,99.41680759099688,87.51386215884716
4.188571733687584,0.0294230597481251,24.79979820062753,0.0351,4.208,9332.094,99.41864600746426,87.51386215884716
4.188675663860986,0.0295242165141026,24.80007858243275,0.0351,4.208,9336.047,99.42049824145137,87.51386215884716
4.18862340151438,0.0291224607991659,24.80211697203077,0.0346,4.208,9340.047,99.4223469936935,87.51386215884716
4.188487531397098,0.0296602186976268,24.803988284314897,0.0346,4.208,9344.0,99.42420775992622,87.51386215884716
4.188569273698004,0.0283721620953482,24.80616238036448,0.0357,4.208,9347.954,99.42598816880084,87.51386215884716
4.188415801590379,0.0290670298500652,24.808874584790463,0.0351,4.208,9351.969,99.42784032180026,87.51386215884716
4.188556773754758,0.0287339776403323,24.80818294585363,0.0346,4.208,9355.922,99.42964297928806,87.51386215884716
4.188539071137229,0.0289728289428384,24.798938335452657,0.0362,4.208,9359.86,99.43145372417341,87.51386215884716
4.188432941623318,0.0292082050257994,24.804216085236916,0.0346,4.208,9363.86,99.43330791963109,87.51386215884716
4.18855065664101,0.0296720098765314,24.813522006784545,0.0351,4.208,9367.813,99.43516942559629,87.51386215884716
4.188462685672617,0.0310460481335628,24.82599150134228,0.0357,4.208,9371.782,99.4371250168148,87.51386215884716
4.188555617131176,0.0307393719984228,24.8269693927911,0.0357,4.208,9375.782,99.43907641382401,87.51386215884716
4.188641008629002,0.0298519480964262,24.825775875202044,0.0351,4.208,9379.735,99.44094920841007,87.51386215884716
4.188564913592051,0.0294907607793339,24.826658063229136,0.0357,4.208,9383.688,99.4427993435151,87.51386215884716
4.188691387783509,0.0292246672326465,24.82723854379305,0.0357,4.208,9387.625,99.44462536398865,87.51386215884716
4.1885213782253,0.029525874042246,24.849617755709307,0.0351,4.208,9391.625,99.44649972571287,87.51386215884716
4.188593489436965,0.0314654264597721,24.866153218969774,0.0351,4.208,9395.579,99.44847424299937,87.51386215884716
4.188557410395148,0.0299713978410427,24.84889005610233,0.0357,4.208,9399.532,99.4503545313957,87.51386215884716
4.188453071010563,0.030012064641718,24.827871376835297,0.0351,4.208,9403.532,99.45225975747464,87.51386215884716
4.188495008859655,0.0280747256109903,24.834684445106834,0.0351,4.208,9407.485,99.45402105606593,87.51386215884716
4.188486710258987,0.0274738036500318,24.84317170847678,0.0357,4.208,9411.454,99.45575163153003,87.51386215884716
4.188529302861024,0.0291122607489849,24.84488062421796,0.0357,4.208,9415.454,99.4575997362525,87.51386215884716
4.188674778389371,0.0322571714941448,24.84592026288236,0.0351,4.208,9419.422,99.45963110421924,87.51386215884716
4.188569991599917,0.0297561431960554,24.840280397481468,0.0362,4.208,9423.375,99.4614978883802,87.51386215884716
4.188592050501119,0.0307292452104432,24.843308791631795,0.0351,4.208,9427.407,99.46346424855369,87.51386215884716
4.18843151136429,0.0301709059070896,24.8341846626508,0.0357,4.208,9431.36,99.46535705330658,87.51386215884716
4.1885577576602815,0.0303022625247188,24.832580374061155,0.0351,4.208,9435.313,99.46725809886041,87.51386215884716
4.188524872872632,0.0290170734517483,24.83591370443834,0.0357,4.208,9439.329,99.46910752915046,87.51386215884716
4.1884547545197615,0.0296852899659789,24.838500278983403,0.0351,4.208,9443.282,99.47096986825659,87.51386215884716
4.188412894855338,0.029618269283336,24.830001180311815,0.0357,4.208,9447.235,99.47282800274695,87.51386215884716
4.188578873578779,0.0269524566753538,24.83630216614761,0.0351,4.208,9451.235,99.47453899877347,87.51386215884716
4.188503735015798,0.0293666480379931,24.83476689325148,0.0351,4.208,9455.188,99.47638134753004,87.51386215884716
4.1885571024512585,0.0290009178784587,24.83250325521712,0.0357,4.208,9459.141,99.47820075180537,87.51386215884716
4.188531084670024,0.0315155125469146,24.83873695960695,0.0357,4.208,9463.141,99.48020141977382,87.51386215884716
4.188699355654136,0.0293284300610786,24.825843639643814,0.0351,4.208,9467.11,99.48204881819419,87.51386215884716
4.188587475421145,0.0295831638260478,24.83011093755432,0.0351,4.208,9471.047,99.48389723831093,87.51386215884716
4.188587891832436,0.0307119503939699,24.82309182677593,0.0351,4.208,9475.063,99.48585469316659,87.51386215884716
4.188568060697121,0.0308747067254459,24.81856031440918,0.0351,4.208,9479.0,99.4877838116796,87.51386215884716
4.18857485875852,0.0304034372193066,24.819350950097547,0.0357,4.208,9482.969,99.48969892482324,87.51386215884716
4.188463846384454,0.0305300202964805,24.82214693548128,0.0351,4.208,9486.969,99.49163703176637,87.51386215884716
4.188481253389458,0.0289796716187092,24.814565963357584,0.0357,4.208,9490.922,99.49345510313438,87.51386215884716
4.188666607012927,0.0284249025271393,24.81947588953603,0.0346,4.208,9494.875,99.49523837045717,87.51386215884716
4.188514932809443,0.0321031072728963,24.81437196083338,0.0351,4.208,9498.813,99.49724475158803,87.51386215884716
4.188653102757172,0.029369888540248,24.81683744575364,0.0357,4.208,9502.813,99.49910921103961,87.51386215884716
4.188562768108298,0.0306599031099074,24.813649087929814,0.0357,4.208,9506.766,99.50103269356639,87.51386215884716
4.1884933135254325,0.0272921392739032,24.81239740334983,0.0346,4.208,9510.719,99.5027448957486,87.51386215884716
4.188671001211347,0.0277214963302558,24.81285378159484,0.0346,4.208,9514.719,99.5045047119554,87.51386215884716
4.188531254402119,0.0297168290747685,24.81556563919474,0.0351,4.208,9518.672,99.50636902970199,87.51386215884716
4.188428079918715,0.0300583563624941,24.81921630236093,0.0351,4.208,9522.625,99.5082547735362,87.51386215884716
4.188552117270908,0.028191285507949,24.819284505289342,0.0351,4.208,9526.625,99.51004441290256,87.51386215884716
4.188545231476537,0.0285212424272716,24.81487065479955,0.0357,4.208,9530.594,99.51184096655706,87.51386215884716
4.188544097346806,0.0276122055330998,24.8142591721286,0.0351,4.208,9534.547,99.51357324844582,87.51386215884716
4.188611585416566,0.029852522267559,24.81290188312209,0.0346,4.208,9538.547,99.51546834645475,87.51386215884716
4.188536267748957,0.031312763045862,24.81334933697119,0.0346,4.208,9542.5,99.51743278686305,87.51386215884716
4.188720413422841,0.0283115392290672,24.820914780178864,0.0351,4.208,9546.454,99.51920939153379,87.51386215884716
4.188704426402931,0.0308734681242647,24.81360418883003,0.0357,4.208,9550.454,99.5211693012341,87.51386215884716
4.188645309899809,0.0283711578074785,24.81180146707197,0.0357,4.208,9554.407,99.52294919682319,87.51386215884716
4.188588163473515,0.0301763496990545,24.80941530460149,0.0351,4.208,9558.36,99.52484234309831,87.51386215884716
4.188523995551713,0.0287389662881028,24.807490751603883,0.0351,4.208,9562.36,99.52666675033946,87.51386215884716
4.188602477397887,0.0297060508147132,24.798909140489165,0.0351,4.208,9566.313,99.52853039190012,87.51386215884716
4.188813146260456,0.028208353408268,24.804537267482505,0.0351,4.208,9570.266,99.5303000737773,87.51386215884716
4.188691570223604,0.0306092881583194,24.808988088947544,0.0351,4.208,9574.266,99.53224321280332,87.51386215884716
4.188775688674844,0.0270721759603529,24.801626136163087,0.0357,4.208,9578.219,99.5339416153467,87.51386215884716
4.188610789970202,0.0263205448339326,24.809963272926307,0.0351,4.208,9582.172,99.53559286349,87.51386215884716
4.188645620819742,0.0300692827379613,24.809300478526257,0.0346,4.208,9586.188,99.53750935732208,87.51386215884716
4.188739786795985,0.0307815444661634,24.80432599569206,0.0346,4.208,9590.125,99.53943265485546,87.51386215884716
4.188626890071271,0.0287857287718147,24.805799608769977,0.0357,4.208,9594.079,99.54123901585099,87.51386215884716
4.188569864415287,0.0285568891410532,24.813318869604785,0.0351,4.208,9598.016,99.54302331210378,87.51386215884716
4.188669557716106,0.0286330353079957,24.807094189753208,0.0346,4.208,9602.016,99.54484099463377,87.51386215884716
4.18864737451664,0.0291440187359347,24.81052914505491,0.0351,4.208,9605.969,99.54666937649779,87.51386215884716
4.1886880248239455,0.0283760049023009,24.81139494911807,0.0346,4.208,9609.938,99.54845678163755,87.51386215884716
4.188675436576289,0.0289334052692999,24.82179733745743,0.0351,4.208,9613.938,99.55029353225532,87.51386215884716
4.188651613974332,0.029157691615647,24.822784211988257,0.0351,4.208,9617.891,99.55212277190239,87.51386215884716
4.188904541052519,0.0279443182064328,24.83395358743089,0.0351,4.208,9621.86,99.5538829850882,87.51386215884716
4.1887533655554,0.0258036844427769,24.83427297063753,0.0346,4.208,9625.86,99.55552105474851,87.51386215884716
4.188714103202031,0.0299233893244393,24.835888540193626,0.0351,4.208,9629.813,99.55739833127811,87.51386215884716
4.188801426649131,0.0290078046171863,24.82596914588521,0.0351,4.208,9633.782,99.55922553349507,87.51386215884716
4.1887809111027945,0.0294431381569716,24.82949041630482,0.0346,4.208,9637.782,99.56109464297927,87.51386215884716
4.188701214601808,0.0272538616284888,24.83088097346907,0.0351,4.208,9641.735,99.56280444377158,87.51386215884716
4.188789244471206,0.02866010915456,24.82509252896923,0.0346,4.208,9645.704,99.56460974464412,87.51386215884716
4.188757367962455,0.0275290939812636,24.82754904462691,0.0351,4.208,9649.704,99.56635734676375,87.51386215884716
4.188882903745881,0.0286772544087535,24.832710216844635,0.0351,4.208,9653.672,99.5681632724938,87.51386215884716
4.188726500134343,0.0298353908822209,24.833286437116723,0.0346,4.208,9657.625,99.57003502834495,87.51386215884716
4.188676024099057,0.0254133288877923,24.830445335193676,0.0346,4.208,9661.61,99.57164226761728,87.51386215884716
4.188963488343577,0.0281766811170244,24.81961996815745,0.0351,4.208,9665.5,99.57338179028072,87.51386215884716
4.188999082703579,0.0269428276420374,24.81033003233529,0.0346,4.208,9669.407,99.57505240859132,87.51386215884716
4.188848138532948,0.0274039866190341,24.798954298676563,0.0351,4.208,9673.313,99.57675118663335,87.51386215884716
4.18887692336519,0.0250232939305171,24.7817666477695,0.0346,4.208,9677.219,99.57830238510891,87.51386215884716
4.188748590357809,0.0276157823561464,24.777621414011808,0.0346,4.208,9681.11,99.58000771826188,87.51386215884716
4.188971516475876,0.0295737562736628,24.769972704478857,0.0346,4.208,9685.047,99.58185555057442,87.51386215884716
4.188964013781625,0.027481132386481,24.766970362599,0.0351,4.208,9688.954,99.58355954703575,87.51386215884716
4.188953067724481,0.0274648539151773,24.77600306608667,0.0346,4.208,9692.844,99.58525512415625,87.51386215884716
4.188659778542454,0.0271914305235123,24.784476690652465,0.0346,4.208,9696.75,99.58694072580782,87.51386215884716
4.1886828901631015,0.025857098522834,24.79820226423165,0.0351,4.208,9700.657,99.58854402234464,87.51386215884716
4.188843146551619,0.0276182493829106,24.81086523609281,0.0351,4.208,9704.532,99.5902424947942,87.51386215884716
4.188900329466962,0.0287210616160643,24.809766540578803,0.0346,4.208,9708.469,99.5920370488986,87.51386215884716
4.188787801624944,0.0254663089133143,24.826064478574743,0.0351,4.208,9712.375,99.59361570995237,87.51386215884716
4.188806313999619,0.0274298617537565,24.826055561078707,0.034,4.208,9716.297,99.59532305720927,87.51386215884716
4.188894895528034,0.0271300831317285,24.85025731448982,0.0346,4.208,9720.204,99.59700528649306,87.51386215884716
4.188933799691784,0.0259743931332563,24.87650958038427,0.0351,4.208,9724.11,99.59861544377868,87.51386215884716
4.188881396056394,0.0263439423835721,24.877945462103543,0.034,4.208,9728.047,99.60026147032754,87.51386215884716
4.1890086184919655,0.0278437696573024,24.892010849803853,0.0351,4.208,9731.938,99.60198088218006,87.51386215884716
4.189015478006243,0.0281114026007425,24.92096837588165,0.0351,4.208,9735.844,99.60372351306557,87.51386215884716
4.188956257476715,0.0287878828659237,24.91685844958842,0.0351,4.208,9739.735,99.60550122591185,87.51386215884716
4.188821346881866,0.0263727979065958,24.886152805085217,0.0351,4.208,9743.641,99.60713608038078,87.51386215884716
4.188966831455753,0.0273298852611368,24.86785820286713,0.0351,4.208,9747.547,99.60883026486636,87.51386215884716
4.188965855089643,0.027840301364668,24.86554950349185,0.0351,4.208,9751.454,99.6105565319772,87.51386215884716
4.189027747827931,0.0254235420726298,24.88512656185993,0.034,4.208,9755.391,99.61214504992216,87.51386215884716
4.188706096879461,0.0272467398249821,24.88874136932129,0.0346,4.208,9759.297,99.61383408020724,87.51386215884716
4.189033473221059,0.0281738716075184,24.901738708396547,0.0346,4.208,9763.204,99.61558103069116,87.51386215884716
4.188855443115868,0.0274867398122664,24.90150191201996,0.034,4.208,9767.11,99.61728493861847,87.51386215884716
4.189040439859308,0.0291166245647407,24.90815767221101,0.0346,4.208,9771.016,99.6190898833937,87.51386215884716
4.188995725970393,0.0271877420806281,24.91829538588921,0.0346,4.208,9774.907,99.62076878415147,87.51386215884716
4.188927724631792,0.0237266160216148,24.92490598758053,0.0351,4.208,9778.829,99.62224562618384,87.51386215884716
4.188845227494976,0.0265000225311288,24.916109836510017,0.0351,4.208,9782.719,99.62388163823164,87.51386215884716
4.1889155843603,0.0268006817777024,24.904600032618397,0.0351,4.208,9786.641,99.62554982274263,87.51386215884716
4.189027219828406,0.0265383301623065,24.89810177999185,0.0351,4.208,9790.532,99.62718862093658,87.51386215884716
4.189025063942267,0.0287040694178173,24.918451126992885,0.0351,4.208,9794.454,99.62897528011197,87.51386215884716
4.189026861559497,0.027498650816732,24.926445147833054,0.0346,4.208,9798.36,99.63067992640458,87.51386215884716
4.189068103847728,0.0280937420809737,24.927313897050205,0.0346,4.208,9802.25,99.63241432872286,87.51386215884716
4.1889015148795,0.0256080803419728,24.94166245816933,0.034,4.208,9806.188,99.63401478343147,87.51386215884716
4.189051925600437,0.0283331783936803,24.937706941465237,0.0351,4.208,9810.094,99.63577116223814,87.51386215884716
4.189000800297953,0.026048147533189,24.9286980770689,0.034,4.208,9814.0,99.63738589157222,87.51386215884716
4.188948629682312,0.0280473152448587,24.930747664624903,0.0346,4.208,9817.938,99.63913879366983,87.51386215884716
4.18900911335797,0.026235577275366,24.938815668433893,0.034,4.208,9821.844,99.64076514180724,87.51386215884716
4.188995386147082,0.026943289640345,24.92737455091049,0.0346,4.208,9825.735,99.64242894710817,87.51386215884716
4.189141461953898,0.0264925086063838,24.93067622213968,0.0351,4.208,9829.672,99.64408425639625,87.51386215884716
4.189208505643507,0.0286948151716574,24.940619257917493,0.034,4.208,9833.579,99.6458635085327,87.51386215884716
4.189114719030996,0.0279229779593193,24.95335240832159,0.034,4.208,9837.469,99.64758736851427,87.51386215884716
4.18915665423155,0.0251347204085172,24.961597089775264,0.0346,4.208,9841.391,99.64915185674712,87.51386215884716
4.188986178704579,0.0259760486539615,24.94459432550524,0.034,4.208,9845.297,99.65076211665877,87.51386215884716
4.189104626085547,0.0257552166923412,24.93426329966584,0.034,4.208,9849.188,99.65235255593443,87.51386215884716
4.1892752363357895,0.0254352116142707,24.91947977410365,0.034,4.208,9853.094,99.65392928926106,87.51386215884716
4.189106844771036,0.02486824276334,24.922607815140296,0.0346,4.208,9857.016,99.65547719083078,87.51386215884716
4.189297349235394,0.0265349244617958,24.93752773063079,0.034,4.208,9860.922,99.65712209555393,87.51386215884716
4.189121708760415,0.0275940920887771,24.97214935471729,0.034,4.208,9864.813,99.65882608928686,87.51386215884716
4.189239157428465,0.0266747098557193,24.98608559453865,0.0346,4.208,9868.735,99.66048643278803,87.51386215884716
4.18915090558768,0.0261097008333444,24.977738555184853,0.0346,4.208,9872.641,99.66210497782222,87.51386215884716
4.1892321975342695,0.0261171661476199,24.95917559015824,0.0346,4.208,9876.563,99.66373061751304,87.51386215884716
4.189088355498511,0.0240674692182499,24.95253343187791,0.0346,4.208,9880.485,99.66522867564832,87.51386215884716
4.1891248469929465,0.0257124848446514,24.96210310072069,0.034,4.208,9884.391,99.6668225971922,87.51386215884716
4.18908864291236,0.0252614226684524,24.98400935178369,0.0346,4.208,9888.282,99.66838254363918,87.51386215884716
4.18916667963141,0.0263489186607493,25.011490507388658,0.034,4.208,9892.204,99.67002260855827,87.51386215884716
4.189023972985738,0.0282127586388757,25.002444277350115,0.0346,4.208,9896.11,99.67177152252276,87.51386215884716
4.189081055577773,0.0263288373616621,24.994224502991923,0.034,4.208,9900.0,99.67339696623993,87.51386215884716
4.189273049590806,0.0268653573814621,25.034484933581464,0.0346,4.208,9903.922,99.67506917642615,87.51386215884716
4.189192772529209,0.027325303369775,25.0673709132316,0.0346,4.208,9907.829,99.67676351054571,87.51386215884716
4.189086199751554,0.0272145594183333,25.07555540429065,0.034,4.208,9911.735,99.67845054596161,87.51386215884716
4.189116565016833,0.0248121173017832,25.06551769102601,0.034,4.208,9915.625,99.67998235306818,87.51386215884716
4.189182155999224,0.0238170011190835,25.0706965502264,0.034,4.208,9919.547,99.68146482104025,87.51386215884716
4.189256769622184,0.0254154607711686,25.06495387650764,0.034,4.208,9923.454,99.68304073336468,87.51386215884716
4.189123505100676,0.0263779641257948,25.058633401144,0.0346,4.208,9927.36,99.68467590808845,87.51386215884716
4.1891655799555965,0.0259742472614422,25.037021279280808,0.0346,4.208,9931.282,99.68629265192077,87.51386215884716
4.189224090763651,0.0249899983746092,25.013380739941844,0.034,4.208,9935.188,99.68784178639886,87.51386215884716
4.189347165382666,0.0272673618278861,25.00165880084366,0.0346,4.208,9939.11,99.68953901899296,87.51386215884716
4.18912229209643,0.0251343189573351,24.99831048470898,0.0346,4.208,9943.063,99.69111584795957,87.51386215884716
4.189182564777014,0.027894576267815,25.009567028392823,0.0346,4.208,9946.954,99.69283839722807,87.51386215884716
4.189412370262484,0.0245812996240463,25.00526959398013,0.034,4.208,9950.86,99.69436219639738,87.51386215884716
4.189219500626362,0.0247022162837704,25.00503371418672,0.0346,4.208,9954.766,99.69589349121209,87.51386215884716
4.18926682624538,0.0250000058018206,24.994431466891232,0.034,4.208,9958.704,99.69745594245663,87.51386215884716
4.189304916000152,0.0228450424278965,25.002351055108026,0.0335,4.208,9962.594,99.69886630973464,87.51386215884716
4.189185281005964,0.0251270507341406,25.04780001077707,0.034,4.208,9966.5,99.70042394011308,87.51386215884716
4.18926514279692,0.0254469584390526,25.074686987253862,0.034,4.208,9970.454,99.70202078671522,87.51386215884716
4.18916768514003,0.0263612308517674,25.077605919864965,0.0335,4.208,9974.407,99.70367458734029,87.51386215884716
4.189354722954271,0.0250592946199172,25.03348363544386,0.0346,4.208,9978.313,99.70522801750505,87.51386215884716
4.189364322459595,0.0254803824391328,25.018574390612624,0.034,4.208,9982.219,99.7068075509792,87.51386215884716
4.189373855986151,0.0265751049947868,25.013454374743493,0.034,4.208,9986.141,99.70846169466472,87.51386215884716
4.189178911071925,0.0254444595700507,24.99342660948521,0.034,4.208,9990.094,99.71005798064158,87.51386215884716
4.189281316186294,0.0253027095377862,24.979811524724667,0.0335,4.208,9993.985,99.71162047664036,87.51386215884716
4.189280270742926,0.0262169099578314,24.94436430163705,0.034,4.208,9997.891,99.7132456675874,87.51386215884716
4.189337012752397,0.0267100699672168,24.962439399144763,0.034,4.208,10001.782,99.7148950710787,87.51386215884716
4.189300420625354,0.0266170253395651,25.01028184774587,0.034,4.208,10005.704,99.71655182405866,87.51386215884716
4.189576134873868,0.0255435816869972,25.02835934335348,0.034,4.208,10009.594,99.71812878903424,87.51386215884716
4.189181269886545,0.0250716266450017,25.02595147894908,0.0335,4.208,10013.563,99.71970805131878,87.51386215884716
4.189410228577746,0.0264250786739025,25.007928428543156,0.034,4.208,10017.454,99.72133985599304,87.51386215884716
4.189369457982212,0.0262815036433897,25.01244329537839,0.0335,4.208,10021.36,99.72296905111423,87.51386215884716
4.189500566452344,0.0251637665849702,25.069882367150147,0.034,4.208,10025.266,99.72452895751483,87.51386215884716
4.18929901002719,0.0263100234136171,25.091572725780395,0.033,4.208,10029.172,99.7261599205817,87.51386215884716
4.189323139183477,0.0262970163820158,25.07175771549488,0.034,4.208,10033.094,99.72779675488978,87.51386215884716
4.189312431886249,0.0244473866401323,25.036796016441127,0.034,4.208,10036.985,99.72930643288488,87.51386215884716
4.189267958158848,0.0297422401907298,25.026654929903213,0.034,4.208,10040.86,99.7311355269325,87.51386215884716
4.189681041828739,0.0259446891321085,25.062383845826247,0.034,4.208,10044.813,99.73276319535759,87.51386215884716
4.189321435828592,0.0265955942946722,25.10310848449488,0.033,4.208,10048.719,99.73441186101454,87.51386215884716
4.189390014968226,0.0253015821014684,25.05653695681574,0.0335,4.208,10052.61,99.73597428739173,87.51386215884716
4.18965480464584,0.0280760325346847,25.00664313271114,0.0335,4.208,10056.5,99.73770759638901,87.51386215884716
4.189354544934564,0.0247579770870957,25.007719433676797,0.033,4.208,10060.438,99.7392549213144,87.51386215884716
4.189539415523509,0.0266382049496629,25.039487538994077,0.0335,4.208,10064.375,99.74091933402538,87.51386215884716
4.189593540963443,0.026348706762282,25.069679099670783,0.033,4.208,10068.282,99.74255311324714,87.51386215884716
4.189375271878195,0.0268123425898172,25.0788498097103,0.034,4.208,10072.172,99.74420840676454,87.51386215884716
4.189584288528759,0.0251906392157331,25.06801574122658,0.033,4.208,10076.125,99.7457887690441,87.51386215884716
4.189559118390066,0.025913839129915,25.07282492391416,0.033,4.208,10080.016,99.74738900359182,87.51386215884716
4.189594497776932,0.0273529551562079,25.069520751283395,0.034,4.208,10083.907,99.74907810660754,87.51386215884716
4.189598910449367,0.0257088459133196,25.049406017731435,0.034,4.208,10087.797,99.75066527437693,87.51386215884716
4.189547850797311,0.0243228288479149,25.032293434504524,0.0335,4.208,10091.797,99.75220933635293,87.51386215884716
4.189652987783938,0.0242662174217767,25.01061775918106,0.033,4.208,10095.938,99.75380410602499,87.51386215884716
4.189588675635343,0.0244689058520216,25.00525597772009,0.033,4.208,10100.079,99.75541219632943,87.51386215884716
4.189624940781815,0.0245057551967116,25.04705290212273,0.0335,4.208,10104.0,99.75693714626554,87.51386215884716
4.189645502345962,0.0253884737378971,25.09382213591412,0.033,4.208,10107.907,99.75851138523065,87.51386215884716
4.189598356740041,0.0266371743234755,25.07230398481534,0.0335,4.208,10111.86,99.76018249747096,87.51386215884716
4.189678388152738,0.0247560392684494,25.059824186191392,0.034,4.208,10115.75,99.76171084252996,87.51386215884716
4.189826234764603,0.028180002209976,25.06926698673754,0.0335,4.208,10119.641,99.76345101745602,87.51386215884716
4.189662863207351,0.0250054617425037,25.07365469186433,0.033,4.208,10123.532,99.76499515777276,87.51386215884716
4.189737222086128,0.0266496638880746,25.08286868518089,0.0335,4.208,10127.422,99.76664040811697,87.51386215884716
4.189805717990019,0.0264038725182871,25.064284085506063,0.0335,4.208,10131.344,99.76828389358985,87.51386215884716
4.1895775764242735,0.0271012326773576,25.036942834484936,0.033,4.208,10135.235,99.76995745220843,87.51386215884716
4.189521719898046,0.0257282342440295,25.053023337830208,0.0335,4.208,10139.125,99.77154581694066,87.51386215884716
4.189570701742965,0.0249517269974032,25.10902577486909,0.033,4.208,10143.016,99.77308663902289,87.51386215884716
4.189776608025927,0.0252450271727139,25.12337350964134,0.034,4.208,10146.907,99.77464557301325,87.51386215884716
4.189762340427051,0.0268909337936219,25.090345856069497,0.0324,4.208,10150.797,99.77630571845695,87.51386215884716
4.189588603561528,0.0253873336792827,25.04791759811211,0.0335,4.208,10154.688,99.777873440176,87.51386215884716
4.189708281258761,0.0250892549430261,25.05626097773286,0.0324,4.208,10158.579,99.77942275490066,87.51386215884716
4.189733177706501,0.0255083320489507,25.10331458206243,0.0335,4.208,10162.469,99.78099754369573,87.51386215884716
4.189581468089599,0.0275037864223598,25.1326599848773,0.0324,4.208,10166.36,99.78269596086217,87.51386215884716
4.189797993150776,0.0267512013555675,25.114798633082,0.0335,4.208,10170.25,99.78434747974897,87.51386215884716
4.18970960466049,0.0256114751388394,25.09715312416093,0.0324,4.208,10174.141,99.78592904267872,87.51386215884716
4.189758569379957,0.0255351369117688,25.091298711057256,0.0335,4.208,10178.032,99.78750589156098,87.51386215884716
4.189964713646356,0.0244595141599425,25.08331887440303,0.033,4.208,10181.922,99.78901593027139,87.51386215884716
4.189759048773035,0.0268111095249375,25.065645996448293,0.0335,4.208,10185.813,99.79067157316976,87.51386215884716
4.189740565566875,0.0229836375464042,25.083126699467343,0.0324,4.208,10189.704,99.79209086155268,87.51386215884716
4.189685845561015,0.0254227989834176,25.130196221763384,0.0335,4.208,10193.594,99.79366036985692,87.51386215884716
4.189733413166668,0.0274340439137532,25.153105420674898,0.033,4.208,10197.485,99.79535448027548,87.51386215884716
4.189958395189931,0.0243627112339993,25.11003326447402,0.0335,4.208,10201.375,99.79685854273615,87.51386215884716
4.189912170279479,0.0257314632651315,25.054695374847075,0.033,4.208,10205.266,99.79844751518728,87.51386215884716
4.1898042892496985,0.0251875820004113,25.08438766981125,0.033,4.208,10209.157,99.80000290181634,87.51386215884716
4.189879842959604,0.0247903289203768,25.137346508085564,0.0324,4.208,10213.047,99.80153336378991,87.51386215884716
4.189793967991508,0.0243601236539058,25.15978192350798,0.033,4.208,10216.938,99.80303765311048,87.51386215884716
4.189827182286821,0.0245773665061565,25.13612450362664,0.0324,4.208,10220.829,99.8045553576381,87.51386215884716
4.18984151814937,0.0251446519658831,25.09726921536633,0.033,4.208,10224.719,99.8061076941882,87.51386215884716
4.189925740601559,0.0218185521577579,25.112539845753187,0.0324,4.208,10228.641,99.8074657704888,87.51386215884716
4.189814732583795,0.0246309924011665,25.14418163837836,0.033,4.208,10232.532,99.8089867865292,87.51386215884716
4.1896848715484,0.0255882709477624,25.15353389152685,0.033,4.208,10236.422,99.81056651045222,87.51386215884716
4.189799407744404,0.0258866607760417,25.11647754054036,0.033,4.208,10240.313,99.81216506667893,87.51386215884716
4.189914134995771,0.025005434016332,25.08057921794162,0.033,4.208,10244.204,99.81370920528352,87.51386215884716
4.189906437423931,0.0265502828886834,25.13149218919302,0.0324,4.208,10248.094,99.81534832021738,87.51386215884716
4.189606601765759,0.0251560456915416,25.137935323031986,0.033,4.208,10251.985,99.81690175941247,87.51386215884716
4.189779325753261,0.0261048944889839,25.08078752857339,0.0324,4.208,10255.875,99.81851337773621,87.51386215884716
4.189696954108111,0.0262410053409787,25.07476431726408,0.0335,4.208,10259.766,99.8201338154916,87.51386215884716
4.189903809902962,0.0260604567386408,25.1215715025126,0.033,4.208,10263.688,99.82175592535587,87.51386215884716
4.189904277891976,0.0260382116425615,25.16458820126218,0.0335,4.208,10267.625,99.82338284918619,87.51386215884716
4.189855584922141,0.0268368079555616,25.17086846566465,0.033,4.208,10271.579,99.82506691157415,87.51386215884716
4.189994235472546,0.0244213433358447,25.143835075020338,0.0324,4.208,10275.469,99.826574593761,87.51386215884716
4.189922069279792,0.0246448949244184,25.117662363860767,0.033,4.208,10279.438,99.82812697620555,87.51386215884716
4.189723824887735,0.02538480858945,25.12291841758859,0.033,4.208,10283.329,99.82969454199497,87.51386215884716
4.190087602092594,0.0254768890950227,25.14971919325411,0.0324,4.208,10287.25,99.83127992388121,87.51386215884716
4.189948498954174,0.025656049327865,25.118080739616587,0.0319,4.208,10291.172,99.83287686176723,87.51386215884716
4.189857417619519,0.0259844925756441,25.10664581109889,0.033,4.208,10295.063,99.83448145931514,87.51386215884716
4.189938818056794,0.0246222672493945,25.14764928679249,0.033,4.208,10299.0,99.83601991187456,87.51386215884716
4.18988394241844,0.0256111420433587,25.16960268344297,0.0324,4.208,10302.922,99.83761405454675,87.51386215884716
4.190051671222383,0.027150521357139,25.12174710888802,0.033,4.208,10306.922,99.83933762411665,87.51386215884716
4.190093486353742,0.0243289541936508,25.10464308633841,0.0324,4.208,10310.922,99.84088207494189,87.51386215884716
4.1899973477484345,0.0241791023144987,25.163511236661595,0.0324,4.208,10314.875,99.84239897734855,87.51386215884716
4.189971776310809,0.0225905814490239,25.18397989764861,0.0324,4.208,10318.813,99.84381084430487,87.51386215884716
4.189956333709277,0.0227321788310192,25.17232713243716,0.033,4.208,10322.688,99.84520883224131,87.51386215884716
4.190097094594601,0.0249698151949508,25.14956809635369,0.0324,4.208,10326.579,99.84675077130812,87.51386215884716
4.189987385628124,0.0267023198831327,25.14376873182092,0.0319,4.208,10330.532,99.8484259705263,87.51386215884716
4.190114791625184,0.0228872101961037,25.144765928731523,0.033,4.208,10334.469,99.84985601296503,87.51386215884716
4.19007970069871,0.0252733354918928,25.143208108684185,0.0319,4.208,10338.36,99.85141669505416,87.51386215884716
4.190137694326773,0.0256416798918451,25.146272171584563,0.033,4.208,10342.25,99.85299971624515,87.51386215884716
4.190104108311285,0.0252663050738662,25.130811704503383,0.0319,4.208,10346.141,99.85455996419104,87.51386215884716
4.190045662002047,0.0239735819018262,25.11780254450589,0.033,4.208,10350.032,99.85604038373829,87.51386215884716
4.190054359547792,0.0241716331205995,25.111548540073017,0.0319,4.208,10353.922,99.85753264975254,87.51386215884716
4.189970104607322,0.0259464143703159,25.115494730769,0.0324,4.208,10357.813,99.85913489589048,87.51386215884716
4.190268955808623,0.0269472184761511,25.12472252044581,0.033,4.208,10361.704,99.86079894380535,87.51386215884716
4.190172955811424,0.0267327544864208,25.127025895813095,0.0319,4.208,10365.594,99.86244932385159,87.51386215884716
4.190089618142857,0.0264659951400992,25.120208228223756,0.033,4.208,10369.485,99.86408365520447,87.51386215884716
4.190159363512891,0.0234666189311966,25.11392124866997,0.0319,4.208,10373.375,99.86553239628564,87.51386215884716
4.1900807597287,0.0243891243975643,25.116900525665805,0.033,4.208,10377.266,99.86703847646365,87.51386215884716
4.19010548712828,0.0234753572906113,25.11724621560496,0.0319,4.208,10381.157,99.86848812958407,87.51386215884716
4.190249025776637,0.0251748900333181,25.118640824891852,0.033,4.208,10385.047,99.87004233291911,87.51386215884716
4.190198248334958,0.0240482902608742,25.11972345456661,0.0319,4.208,10388.938,99.87152736586603,87.51386215884716
4.1902235328456605,0.0232819379234002,25.148185437457908,0.0324,4.208,10392.829,99.87296507493014,87.51386215884716
4.190177409510308,0.0268669747791648,25.16317403969631,0.0319,4.208,10396.719,99.87462374123413,87.51386215884716
4.190206122857607,0.0246740621668166,25.155610813907494,0.0324,4.208,10400.61,99.87614741692393,87.51386215884716
4.190184342528415,0.0260925650965802,25.12630549766458,0.0319,4.208,10404.516,99.87776489971074,87.51386215884716
4.190367301964423,0.0248165098218304,25.120303148920826,0.0324,4.208,10408.391,99.87929107023814,87.51386215884716
4.190129617431404,0.024458040784322,25.168785929747347,0.0324,4.208,10412.282,99.88080140614926,87.51386215884716
4.19020467177383,0.0255989244338608,25.191349078197813,0.0319,4.208,10416.188,99.8823882880629,87.51386215884716
4.190309658095263,0.0263900112415139,25.136613086937217,0.0324,4.208,10420.063,99.88401122608536,87.51386215884716
4.190317413926119,0.0250608168208445,25.10887768500971,0.0324,4.208,10423.969,99.88556475061164,87.51386215884716
4.190273262442387,0.0237424160901575,25.13387492072321,0.0319,4.208,10427.86,99.88703089517954,87.51386215884716
4.190229903579901,0.0238073597485213,25.150633757950303,0.0324,4.208,10431.75,99.8885006723214,87.51386215884716
4.190189075654176,0.0259302632905565,25.116876231900296,0.0319,4.208,10435.641,99.89010192109589,87.51386215884716
4.190207895515957,0.0236109103286612,25.106072098440755,0.0319,4.208,10439.532,99.891559944904,87.51386215884716
4.190333194026918,0.0263898542936585,25.152975731899076,0.0324,4.208,10443.422,99.89318915557782,87.51386215884716
4.190278974665628,0.0215941434243153,25.18816972971704,0.0319,4.208,10447.329,99.89452812310881,87.51386215884716
4.190231105282605,0.0260665825707239,25.19923392821779,0.0324,4.208,10451.219,99.89613737619834,87.51386215884716
4.19020395606894,0.0246808084790354,25.160110609007983,0.0313,4.208,10455.11,99.89766146848726,87.51386215884716
4.190242088027239,0.0253335729722324,25.121919228231505,0.0324,4.208,10459.0,99.8992254683121,87.51386215884716
4.1903058055832725,0.0239166142723164,25.123859587354225,0.0319,4.208,10462.891,99.90070236998734,87.51386215884716
4.190229767014811,0.0235335268958099,25.139266497524325,0.0324,4.208,10466.782,99.9021556152043,87.51386215884716
4.190356752737695,0.0255162125739275,25.12157594375446,0.0313,4.208,10470.672,99.90373089051346,87.51386215884716
4.190186217090954,0.0240700258352356,25.08437110356608,0.0324,4.208,10474.563,99.90521726567819,87.51386215884716
4.1904363533976765,0.0255213530164134,25.10249493282293,0.0324,4.208,10478.454,99.90679326337568,87.51386215884716
4.1904231219406975,0.0224552308636175,25.152685409046324,0.0313,4.208,10482.344,99.90817956514904,87.51386215884716
4.190371116395887,0.0262057261089483,25.169871721679907,0.0324,4.208,10486.235,99.909797824337,87.51386215884716
4.190262956895004,0.0256622730741337,25.17482384576853,0.0324,4.208,10490.141,99.91138863324423,87.51386215884716
4.190390825444897,0.025345813517307,25.15478048157521,0.0319,4.208,10494.032,99.9129537910052,87.51386215884716
4.190315345924998,0.0269342814751735,25.14059001756835,0.0324,4.208,10497.922,99.91461661257225,87.51386215884716
4.1905602187226965,0.0233668283218962,25.11921430086722,0.0313,4.208,10501.813,99.91605956379857,87.51386215884716
4.190528022759551,0.0218840085220508,25.125213143648818,0.0319,4.208,10505.704,99.91741094775615,87.51386215884716
4.19030724073252,0.0242883670680003,25.135727614806346,0.0319,4.208,10509.594,99.91891042048671,87.51386215884716
4.1903611220064185,0.024143952454131,25.145660519297344,0.0313,4.208,10513.485,99.92040136077705,87.51386215884716
4.1905182603572495,0.0236040720352236,25.155336195044026,0.0319,4.208,10517.375,99.92185858769757,87.51386215884716
4.190421902671492,0.023363120611896,25.162392872120787,0.0324,4.208,10521.266,99.92330130996493,87.51386215884716
4.19041352314912,0.0250574448886644,25.15560885548929,0.0319,4.208,10525.157,99.92484866035124,87.51386215884716
4.190472433215329,0.0226023737106535,25.14173032863297,0.0319,4.208,10529.063,99.9262497855485,87.51386215884716
4.190464550344697,0.0243607281688057,25.14031325217801,0.0313,4.208,10532.954,99.92775411219914,87.51386215884716
4.190521315792595,0.0253120859674665,25.147438915801384,0.0319,4.208,10536.844,99.92931678549684,87.51386215884716
4.190317720746569,0.0239763970860522,25.12316589153365,0.0313,4.208,10540.735,99.93079737888768,87.51386215884716
4.190594213474447,0.0256916039086057,25.123316960336908,0.0319,4.208,10544.625,99.93238348220032,87.51386215884716
4.1905961101965765,0.0240270494153468,25.15736214244242,0.0319,4.208,10548.516,99.93386720347996,87.51386215884716
4.190762725139575,0.0237354522587268,25.18009696017227,0.0313,4.208,10552.407,99.93533291801651,87.51386215884716
4.190505267734559,0.0246412411995214,25.155391668615724,0.0319,4.208,10556.297,99.9368541758731,87.51386215884716
4.190623302614955,0.0244635380290182,25.144194190550447,0.0319,4.208,10560.204,99.93837106322864,87.51386215884716
4.190496129166326,0.0216442024130279,25.14006317574486,0.0313,4.208,10564.094,99.93970729514584,87.51386215884716
4.19049036559059,0.0241214235604553,25.16271931473263,0.0319,4.208,10567.985,99.94119684422917,87.51386215884716
4.190574594020567,0.0264719707186202,25.16123915885448,0.0319,4.208,10571.891,99.94283784643851,87.51386215884716
4.190567396357243,0.0246269244418867,25.148018237952822,0.0313,4.208,10575.782,99.94435861127378,87.51386215884716
4.190701293854722,0.0204380481387282,25.14079902069021,0.0319,4.208,10579.672,99.94562037974774,87.51386215884716
4.190573477956568,0.0240029261402333,25.136196045339272,0.0319,4.208,10583.579,99.94710870637961,87.51386215884716
4.190559356438605,0.0259210607690167,25.13263026175947,0.0319,4.208,10587.469,99.94870897549863,87.51386215884716
4.190598485574474,0.0270977485622383,25.12703105619005,0.0308,4.208,10591.36,99.95038231896571,87.51386215884716
4.1906932289736645,0.0254884968634006,25.114024988968374,0.0319,4.208,10595.25,99.9519558832108,87.51386215884716
4.190672186852859,0.0222423233730406,25.097316273604022,0.0308,4.208,10599.141,99.95332939387067,87.51386215884716
4.190509844601887,0.0253651700229076,25.09924148290125,0.0308,4.208,10603.047,99.95490178530649,87.51386215884716
4.190568183069584,0.0237037700767344,25.10156151718313,0.0313,4.208,10606.938,99.95636554340108,87.51386215884716
4.190558563222582,0.0234205543595203,25.114238723091,0.0308,4.208,10610.829,99.95781181232421,87.51386215884716
4.190696070202396,0.0264025559195833,25.107248377145016,0.0308,4.208,10614.719,99.95944180714879,87.51386215884716
4.190618707873568,0.0265742621121794,25.09304330029484,0.0308,4.208,10618.625,99.96108915041995,87.51386215884716
4.1905035036625815,0.02239996281876,25.09622482654596,0.0308,4.208,10622.516,99.96247239565005,87.51386215884716
4.190775345207968,0.0246031327027431,25.09789460888681,0.0319,4.208,10626.422,99.96399754825582,87.51386215884716
4.190652166186172,0.0249944786353958,25.092326322426025,0.0313,4.208,10630.313,99.96554101034239,87.51386215884716
4.1907715441108815,0.0245549681986166,25.094847227112524,0.0319,4.208,10634.204,99.96705733172699,87.51386215884716
4.190720077946281,0.0227532326589806,25.102948359126067,0.0319,4.208,10638.094,99.96846203101406,87.51386215884716
4.190738910731812,0.0229157093364673,25.11347607810953,0.0308,4.208,10641.985,99.9698771246859,87.51386215884716
4.19064833146155,0.0226551235775223,25.125073152874755,0.0308,4.208,10645.891,99.97128151985684,87.51386215884716
4.190653979242333,0.0207986057143684,25.11539725211864,0.0313,4.208,10649.782,99.97256587788816,87.51386215884716
4.190817249324517,0.0258260311941488,25.104902655401908,0.0308,4.208,10653.672,99.97416028023747,87.51386215884716
4.190724792868742,0.0227794527634881,25.099168988465227,0.0319,4.208,10657.563,99.97556695977684,87.51386215884716
4.190637874310489,0.0207828179660514,25.102794386092963,0.0308,4.208,10661.454,99.97685034288119,87.51386215884716
4.190851058039267,0.0212485078756443,25.11656876558757,0.0308,4.208,10665.36,99.9781675416927,87.51386215884716
4.190593545680885,0.0241772384130767,25.109044445024583,0.0313,4.208,10669.25,99.9796601537567,87.51386215884716
4.190888750616115,0.0250944679729394,25.108249532122368,0.0308,4.208,10673.141,99.98120979039702,87.51386215884716
4.190693862880767,0.0237824903653384,25.109899387600944,0.0308,4.208,10677.047,99.98268407123722,87.51386215884716
4.190762550164884,0.0251356111652357,25.10456540616016,0.0313,4.208,10680.938,99.98423624855695,87.51386215884716
4.190849216244879,0.0240169461515081,25.10679815245939,0.0308,4.208,10684.829,99.98571934593862,87.51386215884716
4.190768611394687,0.0230833154723929,25.10064350654349,0.0308,4.208,10688.719,99.98714442330116,87.51386215884716
4.190693818651923,0.0221904898015604,25.10138340721826,0.0313,4.208,10692.61,99.98851473312801,87.51386215884716
4.190716053088439,0.0224620677832536,25.107191449092028,0.0308,4.208,10696.5,99.98990145698716,87.51386215884716
4.190904722171445,0.021394858756862,25.10822449172649,0.0313,4.208,10700.391,99.99122263490892,87.51386215884716
4.190898438228159,0.0236145801005564,25.12203783963623,0.0308,4.208,10704.297,99.99268650696169,87.51386215884716
4.190895896519569,0.0251534323158795,25.127090989838152,0.0313,4.208,10708.188,99.9942397847753,87.51386215884716
4.190734273210971,0.0234657988977611,25.1255576734126,0.0313,4.208,10712.079,99.99568884764469,87.51386215884716
4.190909532441129,0.0230119616407681,25.115376116326637,0.0308,4.208,10715.969,99.99710951988915,87.51386215884716
4.190781108855989,0.0219835669950764,25.10893433620338,0.0308,4.208,10719.86,99.99846705179368,87.51386215884716
4.190788301561023,0.0218526324711328,25.10959134171801,0.0313,4.208,10723.766,99.99982170039713,87.51386215884716
4.1909066721811925,0.0223609623246657,25.11569105986868,0.0313,4.208,10727.657,100.00120253726399,87.51386215884716
4.190794818991718,0.0224832667998771,25.115609611375387,0.0308,4.208,10731.547,100.00259056987095,87.51386215884716
4.190809985943186,0.0188942650574511,25.110519557625352,0.0308,4.208,10735.454,100.00376212860967,87.51386215884716
4.181160655317036,-0.0031542164424449,25.10715106457564,0.0001,-0.01,10739.282,100.00357050276885,87.51386215884716
4.183266308016307,-0.0065448021373032,25.10496578280356,0.0001,-0.01,10743.11,100.0031728911162,87.51386215884716
4.183857545188841,-0.005554447467522,25.101782454865607,0.0001,-0.01,10746.969,100.00283271305995,87.51386215884716
4.184169367419734,-0.0047779477244529,25.116850433940616,0.0001,-0.01,10750.797,100.00254244184148,87.51386215884716
4.184310183272143,-0.0033702291473004,25.126815114107515,0.0001,-0.01,10754.625,100.00233769273632,87.51386215884716
4.184266249031073,-0.0064352508613165,25.131376916980138,0.0001,-0.01,10758.454,100.00194663444279,87.51386215884716
4.184432061121331,-0.0040728022132191,25.14358838622505,0.0001,-0.01,10762.282,100.00169920242195,87.51386215884716
4.184395800882838,-0.0058076264750641,25.143615729919052,0.0001,-0.01,10766.094,100.00134785059073,87.51386215884716
4.184497314967746,-0.0052657972189831,25.159409262028724,0.0001,-0.01,10769.922,100.00102794140314,87.51386215884716
4.184595413502373,-0.0066635952075809,25.17773728638679,0.0001,-0.01,10773.75,100.0006231128006,87.51386215884716
4.184650616166843,-0.0044009979678312,25.17274706919545,0.0001,-0.01,10777.579,100.00035567229331,87.51386215884716
4.184640123087264,-0.0059524314315779,25.15463688820186,0.0001,-0.01,10781.344,100.00000000000024,87.51386215884716
