Voltage_measured,Current_measured,Temperature_measured,Current_charge,Voltage_charge,Time,SoC,SoH
3.6964668773060025,-0.0026183026751557,27.695839268926846,0.0,0.003,0.0,-0.0,74.75661648544407
3.184453502409498,-3.607522958907885,27.67411958836473,-3.598,1.468,2.4540000000000006,-0.16447561874346117,74.75661648544407
3.878837042093673,1.5086538806469632,27.73076422961352,1.498,4.602,9.532000000000004,0.03391358725668195,74.75661648544407
3.903311923110309,1.5093944466021352,27.812072203798937,1.5,4.64,16.469,0.22844615039920996,74.75661648544407
3.915949423390314,1.506870778884289,27.852018116088164,1.5,4.656,23.766,0.4327319713305181,74.75661648544407
3.924171125236629,1.5089920845137264,27.85081116429026,1.5,4.661,30.813,0.6302965578718824,74.75661648544407
3.930495146543663,1.5055101352720448,27.837564677545203,1.5,4.667,37.813,0.8260906531781171,74.75661648544407
3.936257456983351,1.5071940372779205,27.82075382228511,1.5,4.672,44.782,1.0212356847708688,74.75661648544407
3.9411824939534568,1.5081467321081543,27.797819613171484,1.498,4.677,51.766,1.216924360759803,74.75661648544407
3.9461734109614266,1.507501417916074,27.78112432874391,1.498,4.683,58.782,1.4134255469747339,74.75661648544407
3.95036983430186,1.5066747154536158,27.74764972821507,1.498,4.688,65.766,1.6089232223242562,74.75661648544407
3.954593407265107,1.504647809753416,27.73035123343561,1.498,4.694,72.70400000000001,1.8028719877916846,74.75661648544407
3.958240629647712,1.5060190574739316,27.693363433468225,1.498,4.699,79.672,1.9978369079893359,74.75661648544407
3.961948321449603,1.5072031366614052,27.67609320390553,1.5,4.699,86.61,2.192115054522525,74.75661648544407
3.965701842916865,1.5095473427968606,27.651847260733383,1.5,4.704,93.625,2.3888548792506117,74.75661648544407
3.968815980022705,1.5054433303828665,27.62822487107485,1.498,4.704,100.594,2.5837732368094333,74.75661648544407
3.972045432100264,1.5091979525723194,27.607741682071413,1.5,4.71,107.547,2.778729101170924,74.75661648544407
3.974962087628557,1.506219601742682,27.57940812629966,1.5,4.715,114.485,2.972880470273511,74.75661648544407
3.977265181529405,1.5078364351624642,27.55614392910613,1.498,4.715,121.422,3.1672122350366325,74.75661648544407
3.980565407545801,1.507601921088235,27.541595300828764,1.5,4.721,128.375,3.361961926512056,74.75661648544407
3.983119574426848,1.5088748040986844,27.506079452283355,1.498,4.721,135.375,3.5581936025914,74.75661648544407
3.985741889174285,1.5092545854527823,27.492447337990168,1.498,4.726,142.375,3.7544746698670557,74.75661648544407
3.9881284525490095,1.5085089524109805,27.46407822008963,1.5,4.726,149.313,3.9489211357577143,74.75661648544407
3.990697863489845,1.5056038765132405,27.44408784247243,1.5,4.726,156.266,4.143412722915884,74.75661648544407
3.9926475518644073,1.5114275817419278,27.433630356607235,1.5,4.731,163.204,4.338235399473203,74.75661648544407
3.994993935098488,1.509197872957695,27.404643689455664,1.5,4.731,170.141,4.53274262796912,74.75661648544407
3.997275705710965,1.5066501769637028,27.385199356897004,1.5,4.737,177.079,4.726949498121201,74.75661648544407
3.999575601334599,1.5069391415173938,27.36027838341114,1.5,4.737,184.063,4.922481483916262,74.75661648544407
4.001627114245568,1.5067709127751343,27.33963022805925,1.5,4.742,191.016,5.1171238270191965,74.75661648544407
4.003472828598888,1.508555315355245,27.327233465309405,1.5,4.742,197.954,5.311576269082982,74.75661648544407
4.005574368846569,1.5081719598309071,27.30066572490469,1.498,4.742,204.907,5.506399597284196,74.75661648544407
4.007409278118476,1.505573869012761,27.29231403969716,1.5,4.748,211.844,5.700439759813472,74.75661648544407
4.0090363134506255,1.5090625154376136,27.266785589435862,1.498,4.748,218.782,5.894957579854205,74.75661648544407
4.010851196105206,1.50837552354019,27.244946223938918,1.5,4.748,225.704,6.088938465664608,74.75661648544407
4.012792375079984,1.5090146111586846,27.241529833622643,1.498,4.753,232.688,6.284739752779966,74.75661648544407
4.014070445823638,1.5065898366716406,27.22628520162064,1.498,4.753,239.641,6.479358704751068,74.75661648544407
4.01601598899642,1.5065634793026297,27.21513795565193,1.498,4.753,246.579,6.673554399594065,74.75661648544407
4.017485624795644,1.5052734862565575,27.192500547194268,1.5,4.753,253.563,6.868870259288324,74.75661648544407
4.018833962573356,1.5074401287776769,27.18287020906817,1.498,4.758,260.547,7.064467250385302,74.75661648544407
4.020390726837014,1.507468244577964,27.160950095225047,1.5,4.758,267.485,7.25877956926952,74.75661648544407
4.021639354902715,1.5097490554554212,27.157442015435432,1.5,4.758,274.422,7.453357834825555,74.75661648544407
4.023255531982889,1.5065522137253964,27.140964872800136,1.5,4.764,281.344,7.6471042384082475,74.75661648544407
4.0241456119142125,1.5079350599711343,27.12592429066745,1.498,4.764,288.282,7.841476729692028,74.75661648544407
4.025704119150198,1.507184249186474,27.11171146476816,1.498,4.764,295.204,8.035304414624552,74.75661648544407
4.026736698587143,1.5073598672179187,27.09852771099097,1.5,4.764,302.188,8.23089099143091,74.75661648544407
4.028207168418322,1.506932130562306,27.079771012580483,1.5,4.764,309.125,8.42510620833464,74.75661648544407
4.028850875005272,1.509713807945057,27.074787518029027,1.5,4.769,316.079,8.620156758782016,74.75661648544407
4.030480831536507,1.507206236136838,27.05337455843036,1.5,4.769,323.063,8.81572340127946,74.75661648544407
4.031413927034815,1.511188440115,27.04871144491258,1.498,4.769,330.016,9.010936393752425,74.75661648544407
4.032396930743906,1.5076906485222052,27.03147265625061,1.5,4.769,336.922,9.204381025370969,74.75661648544407
4.033539415788897,1.50934039951709,27.02330310638672,1.5,4.775,343.954,9.401570588805626,74.75661648544407
4.034472740142053,1.5087819652675638,27.013254400790103,1.5,4.775,350.922,9.59689318714475,74.75661648544407
4.0353446051531305,1.5085314220496613,27.01039584172389,1.5,4.775,357.86,9.791342549366798,74.75661648544407
4.036242276600538,1.5082278452568931,26.998507412042034,1.5,4.775,364.782,9.985304443378565,74.75661648544407
4.037239337397748,1.508087770244518,26.983315918023145,1.5,4.775,371.704,10.17924832339146,74.75661648544407
4.03787858013387,1.50863074474378,26.97826715872852,1.498,4.775,378.625,10.373234002728262,74.75661648544407
4.038693696804529,1.5090018151996898,26.95993855040526,1.5,4.775,385.563,10.56774399852193,74.75661648544407
4.0395001659035055,1.508256759547772,26.95161565610191,1.5,4.78,392.485,10.761709610984221,74.75661648544407
4.040535945014474,1.51016416926456,26.9407527213248,1.5,4.78,399.391,10.955471608309898,74.75661648544407
4.041279224239879,1.5088457188559896,26.934699409023374,1.5,4.78,406.313,11.149512962420427,74.75661648544407
4.041969664220895,1.5080896335387977,26.930129531068506,1.5,4.78,413.235,11.343457082057654,74.75661648544407
4.042765455091314,1.511546465473836,26.91756665975426,1.498,4.78,420.188,11.538716323694404,74.75661648544407
4.043827445424448,1.5091805379597985,26.914787555274607,1.5,4.785,427.157,11.73411855889116,74.75661648544407
4.044709913678966,1.5085900674521682,26.909987241436543,1.5,4.785,434.157,11.930313204496382,74.75661648544407
4.045175626526433,1.506471720386879,26.903118620211877,1.498,4.785,441.125,12.125336725140198,74.75661648544407
4.04627950465834,1.5088036482860392,26.89783277690072,1.5,4.785,448.079,12.320269685656587,74.75661648544407
4.04711705137172,1.5075071825201565,26.89282519271152,1.5,4.785,455.0,12.514110892940181,74.75661648544407
4.047775347758034,1.506301965637214,26.881882262751137,1.5,4.785,461.922,12.707825113989374,74.75661648544407
4.048354904983089,1.508549891079449,26.869468819830843,1.5,4.785,468.844,12.901828423903853,74.75661648544407
4.049232447081462,1.507106743380003,26.866463634177588,1.5,4.791,475.766,13.09564614139474,74.75661648544407
4.050112901954987,1.5076390987677015,26.857625654486288,1.5,4.791,482.688,13.289532321127332,74.75661648544407
4.05099698163974,1.5082285783860645,26.856839754272954,1.498,4.791,489.594,13.483045971973695,74.75661648544407
4.051682320297394,1.509399072093534,26.848340011714384,1.5,4.791,496.516,13.677158488702226,74.75661648544407
4.052273289663557,1.5064137303047267,26.852238393020045,1.5,4.791,503.438,13.870887082968745,74.75661648544407
4.053207664793651,1.5059125492356535,26.846004408121967,1.498,4.791,510.36,14.064551224089335,74.75661648544407
4.054001667752361,1.5090719635208945,26.83311852067546,1.5,4.791,517.266,14.258173085679648,74.75661648544407
4.054616766301763,1.5077841227964948,26.829627175632023,1.5,4.791,524.235,14.453394519019167,74.75661648544407
4.055444964228398,1.5103143940980472,26.81726102140523,1.5,4.796,531.219,14.64936445869138,74.75661648544407
4.056208233002132,1.5078840604402544,26.815075689165,1.498,4.796,538.141,14.843282141111125,74.75661648544407
4.057037743209015,1.506225034279119,26.81876042784708,1.5,4.796,545.047,15.036538726721938,74.75661648544407
4.057686607070401,1.5068486635783334,26.802354520191138,1.5,4.796,551.969,15.230323254501277,74.75661648544407
4.058392816359095,1.5080406426557795,26.80348567433369,1.5,4.796,558.907,15.424709355369446,74.75661648544407
4.0592861480853,1.5072585165900407,26.795890762229742,1.5,4.796,565.813,15.618098542190667,74.75661648544407
4.060004790705097,1.5078306305813651,26.801182763413557,1.498,4.796,572.735,15.812009353396192,74.75661648544407
4.06111164182064,1.506769026498564,26.79669007738984,1.5,4.802,579.657,16.005783639646786,74.75661648544407
4.0619169965243005,1.5069385448050632,26.793251192356976,1.498,4.802,586.563,16.199131772406865,74.75661648544407
4.062424595161688,1.5081535170705616,26.79353256559822,1.498,4.802,593.485,16.393084107626937,74.75661648544407
4.0633777944368425,1.5074795289499516,26.783484578106968,1.498,4.802,600.407,16.58694976627966,74.75661648544407
4.06422142393961,1.5065948433483007,26.773388124640714,1.5,4.802,607.313,16.78025380033702,74.75661648544407
4.06502970752127,1.5074276079767532,26.783946484646872,1.5,4.802,614.235,16.97411278182201,74.75661648544407
4.06563574266546,1.5082688268470934,26.77407660512653,1.498,4.807,621.204,17.169396972566965,74.75661648544407
4.066584493931668,1.5070568676215517,26.770968194416135,1.498,4.807,628.125,17.36318027658839,74.75661648544407
4.067401064634178,1.5101565308413427,26.763143174508485,1.5,4.807,635.047,17.557390204416862,74.75661648544407
4.068265750950991,1.5082864638463591,26.774329637437734,1.498,4.807,641.969,17.751359636926658,74.75661648544407
4.069140810438025,1.5087467978410978,26.7652226036866,1.498,4.807,648.891,17.94538826954589,74.75661648544407
4.069787627678702,1.5102281431030964,26.76698396528502,1.498,4.807,655.813,18.139607406891322,74.75661648544407
4.070619798298866,1.5064002339905385,26.771275209376476,1.5,4.812,662.719,18.332886471545613,74.75661648544407
4.071408963867416,1.509734311415952,26.763287888190792,1.5,4.812,669.641,18.527042100894114,74.75661648544407
4.072149600370204,1.507450830724072,26.76048219511693,1.498,4.812,676.547,18.720455962629156,74.75661648544407
4.072978000505194,1.5056911215255964,26.768385347136643,1.5,4.812,683.469,18.914091627589357,74.75661648544407
4.073970391575324,1.5058951495216586,26.76152801139236,1.5,4.812,690.375,19.10730588725257,74.75661648544407
4.07468489389912,1.5066387607565737,26.75700955206337,1.498,4.812,697.297,19.301063421001132,74.75661648544407
4.075290836636839,1.5087150025727776,26.75003209108111,1.5,4.812,704.219,19.495087964668897,74.75661648544407
4.07625411114635,1.5090090337223354,26.754049272747583,1.5,4.812,711.157,19.689598890928515,74.75661648544407
4.07690149002887,1.5065114065350476,26.75977841164385,1.5,4.818,718.079,19.8833400466039,74.75661648544407
4.077974279006712,1.5061744997444069,26.75974635098152,1.5,4.818,724.985,20.0765901483684,74.75661648544407
4.078533946425354,1.5096862295154443,26.75983341102496,1.5,4.818,731.907,20.270739594263574,74.75661648544407
4.07931653904163,1.5077781908818768,26.759782477414024,1.498,4.818,738.829,20.464643661591857,74.75661648544407
4.080214706814962,1.507057772020717,26.76390630759992,1.5,4.818,745.735,20.65800709183013,74.75661648544407
4.08111688462483,1.5074737686677997,26.767590034107467,1.5,4.818,752.657,20.851872009696077,74.75661648544407
4.081741731590599,1.5075644340370633,26.76934719530096,1.5,4.818,759.579,21.045748587356528,74.75661648544407
4.082400346064399,1.5062580723945846,26.76186581751508,1.498,4.823,766.5,21.239429179143507,74.75661648544407
4.083332704988489,1.5086872055717475,26.75935879414066,1.5,4.823,773.422,21.433450148047033,74.75661648544407
4.084107875597844,1.5083438226259072,26.765178942514293,1.498,4.823,780.329,21.627006608566436,74.75661648544407
4.084466640021542,1.5091030225586533,26.76811944736142,1.5,4.823,787.25,21.821053015243628,74.75661648544407
4.085634263053809,1.5084276792519022,26.766499152400694,1.5,4.823,794.172,22.015040608409723,74.75661648544407
4.086211745224586,1.506771282858088,26.76833756764672,1.5,4.823,801.11,22.20926308908445,74.75661648544407
4.087013461780539,1.5080250481120543,26.769510695461285,1.5,4.823,808.016,22.402750625927307,74.75661648544407
4.087747577260379,1.5105048104202816,26.766994965997803,1.498,4.829,814.938,22.597005343385533,74.75661648544407
4.088501100330695,1.5075410746599314,26.767758664650696,1.498,4.829,821.86,22.79087891697134,74.75661648544407
4.089105248566603,1.507536100992692,26.768808554036024,1.498,4.829,828.766,22.98430371932985,74.75661648544407
4.090027505780943,1.5076059294081965,26.77518326169326,1.5,4.829,835.688,23.17818563339939,74.75661648544407
4.090739500155031,1.5080907318687524,26.78410728788013,1.498,4.829,842.61,23.372129894284615,74.75661648544407
4.091670334185572,1.5063615782129345,26.780107635388035,1.498,4.829,849.532,23.565851781660967,74.75661648544407
4.092157194086488,1.5087134912083664,26.787998569145497,1.498,4.834,856.438,23.759427649370163,74.75661648544407
4.092858741787094,1.5090816838696606,26.78656424605528,1.498,4.834,863.36,23.95349934917489,74.75661648544407
4.093935332491266,1.5093413612628408,26.786617299725155,1.498,4.834,870.266,24.14715577591091,74.75661648544407
4.094272725846733,1.5079841169181811,26.789581468194086,1.498,4.834,877.188,24.341086325845357,74.75661648544407
4.095043861747128,1.5090342273298465,26.78905215596216,1.498,4.834,884.11,24.535151922619715,74.75661648544407
4.095778397122588,1.5088674823396908,26.791298857355248,1.498,4.834,891.016,24.72874754820013,74.75661648544407
4.096722306956325,1.5075957016471078,26.786356665876276,1.498,4.834,897.938,24.922628146953876,74.75661648544407
4.097350528441491,1.5068255841740648,26.798569503757523,1.498,4.834,904.844,25.1159617862715,74.75661648544407
4.098230935777956,1.5080283271131243,26.791239344074302,1.5,4.834,911.782,25.310346299668986,74.75661648544407
4.0990008365382975,1.5058628501201683,26.801164357457747,1.498,4.839,918.704,25.50400404935833,74.75661648544407
4.099566228811415,1.506225020608242,26.800480228004464,1.5,4.839,925.61,25.697260633215098,74.75661648544407
4.099955149600403,1.508531625707232,26.80220779077645,1.5,4.839,932.532,25.891261594156774,74.75661648544407
4.100550084528067,1.5058491683156263,26.810261715440724,1.498,4.839,939.438,26.084469954189665,74.75661648544407
4.101751036369909,1.504969261877399,26.80666159732306,1.498,4.839,946.36,26.278012786183673,74.75661648544407
4.10225163752648,1.5089986443338683,26.81186705666804,1.498,4.839,953.282,26.472073806895256,74.75661648544407
4.103109676780891,1.5052098027297334,26.821105122968863,1.5,4.839,960.219,26.666067048126163,74.75661648544407
4.103951264669922,1.5055887101823064,26.813092735106714,1.5,4.845,967.157,26.860137095448007,74.75661648544407
4.104681778768838,1.508230129677272,26.817192506259023,1.498,4.845,974.094,27.05451960003148,74.75661648544407
4.105537343437816,1.5057409140407698,26.809142037011235,1.498,4.845,981.0,27.24771407047214,74.75661648544407
4.105775481453511,1.5082010586071422,26.820349178414137,1.498,4.845,987.938,27.44212084892049,74.75661648544407
4.106977307501498,1.5073790582649311,26.818181132837715,1.498,4.845,994.86,27.635973586790435,74.75661648544407
4.107514640410189,1.5102987873336515,26.817683268134065,1.5,4.845,1001.766,27.82975285632166,74.75661648544407
4.108384700969316,1.50672422866767,26.821899321746372,1.5,4.845,1008.688,28.023521381458536,74.75661648544407
4.10910765434681,1.5065008241487463,26.81638061753937,1.498,4.85,1015.61,28.217261176212432,74.75661648544407
4.1096798198762325,1.508589879474939,26.82749675976676,1.498,4.85,1022.532,28.411269628735138,74.75661648544407
4.110667102529821,1.5083693142373886,26.83596391094753,1.498,4.85,1029.438,28.604801336730656,74.75661648544407
4.111401261430941,1.504476768179997,26.8402741500789,1.5,4.85,1036.36,28.798280832796568,74.75661648544407
4.112133785376344,1.5089865275461916,26.840348887948977,1.498,4.85,1043.266,28.991891732502452,74.75661648544407
4.112709206211122,1.507593600761424,26.83942359270827,1.498,4.85,1050.188,29.18577206107701,74.75661648544407
4.113561176652217,1.5088792218966465,26.843655515176945,1.498,4.85,1057.125,29.380238221442728,74.75661648544407
4.114222938278693,1.5077110176677042,26.84660582471438,1.5,4.856,1064.094,29.575450189443135,74.75661648544407
4.114913176863558,1.506658567744921,26.856227891414704,1.498,4.856,1071.016,29.769210270420217,74.75661648544407
4.115930049215815,1.5077257805943571,26.864334974258487,1.498,4.856,1077.938,29.963107597653714,74.75661648544407
4.116661411186175,1.5068995707806287,26.8588651902076,1.5,4.856,1084.86,30.156898672227296,74.75661648544407
4.117400926729903,1.5054193765269064,26.854332417553596,1.5,4.856,1091.782,30.35049939009724,74.75661648544407
4.117965468479109,1.5084258044617451,26.86735716951518,1.5,4.856,1098.704,30.544486742160608,74.75661648544407
4.118869909016016,1.506376424321997,26.858032063590983,1.5,4.856,1105.625,30.738182552104266,74.75661648544407
4.119721440419037,1.507732180806961,26.87055334436545,1.5,4.861,1112.532,30.931660524401156,74.75661648544407
4.120366690244612,1.5081858190424744,26.86657786402772,1.5,4.861,1119.454,31.125617013736058,74.75661648544407
4.1211109450157775,1.5082291834324295,26.875873629071,1.5,4.861,1126.36,31.31913074221304,74.75661648544407
4.122118931573663,1.510352491286005,26.880962225719284,1.5,4.861,1133.282,31.513365871047526,74.75661648544407
4.122805767427876,1.5077355331472395,26.89118840996859,1.5,4.861,1140.204,31.70726445248386,74.75661648544407
4.123572067550182,1.5065504935425091,26.883214383653165,1.498,4.861,1147.11,31.900562796228126,74.75661648544407
4.124469846852677,1.508460593230236,26.89160346107524,1.5,4.861,1154.032,32.094554622214616,74.75661648544407
4.1252139365878575,1.5073037877367392,26.90923209297437,1.5,4.866,1161.047,32.29100204363955,74.75661648544407
4.125884926611833,1.5059342879246378,26.903074202269725,1.498,4.866,1168.0,32.485536312834355,74.75661648544407
4.12686444724787,1.5059763171041511,26.916423120931185,1.498,4.866,1174.922,32.67920865466321,74.75661648544407
4.127475854327634,1.510175425737753,26.91880499567089,1.498,4.866,1181.829,32.87300015351412,74.75661648544407
4.128324282443999,1.507327083946912,26.92246738039674,1.5,4.866,1188.75,33.06681820301428,74.75661648544407
4.129228387524606,1.5057092974922086,26.92002157787535,1.498,4.866,1195.672,33.26045620544949,74.75661648544407
4.129985907067412,1.507887387758444,26.92823777171431,1.5,4.872,1202.594,33.45437431577073,74.75661648544407
4.130813910982988,1.507015006327732,26.93385406613683,1.5,4.872,1209.516,33.64818023564599,74.75661648544407
4.131590813498059,1.5064390925952855,26.936510365717528,1.498,4.872,1216.422,33.84146428606343,74.75661648544407
4.132317204123416,1.5063918945013317,26.93353889682517,1.5,4.872,1223.344,34.035190072190716,74.75661648544407
4.13333452484187,1.5078065453935792,26.94316274257597,1.498,4.872,1230.25,34.22864957398677,74.75661648544407
4.134012153818775,1.507121615906477,26.94920790446206,1.5,4.872,1237.172,34.422469204121974,74.75661648544407
4.134876674476754,1.5084421312328793,26.94983129328373,1.5,4.872,1244.125,34.617327432648295,74.75661648544407
4.135669674172756,1.5075887479035788,26.95100389763976,1.5,4.877,1251.063,34.81165528438418,74.75661648544407
4.136717322432472,1.5057951602203492,26.962093883236683,1.5,4.877,1257.985,35.00530432898217,74.75661648544407
4.137462205874369,1.5073511263467063,26.9576679103616,1.498,4.877,1264.907,35.19915347473719,74.75661648544407
4.138297709478642,1.5074478872165251,26.97011790309542,1.5,4.877,1271.813,35.39256695880475,74.75661648544407
4.139278384308549,1.5064450805309086,26.97015413134426,1.5,4.877,1278.735,35.586299584789195,74.75661648544407
4.140099661598538,1.5076950012184551,26.984077963636445,1.498,4.877,1285.657,35.780192953717545,74.75661648544407
4.140861535031218,1.5079750234061002,26.98078788303318,1.498,4.883,1292.563,35.97367407212781,74.75661648544407
4.14168245379039,1.507928816266112,26.994613672953115,1.5,4.883,1299.485,36.167597510259306,74.75661648544407
4.142619132608543,1.506517727485771,26.995812072171425,1.498,4.877,1306.391,36.36089164994635,74.75661648544407
4.143393676235907,1.508925677128406,27.00172623815808,1.498,4.883,1313.313,36.55494328689181,74.75661648544407
4.144488500087278,1.5089976780751315,27.00705518680793,1.5,4.883,1320.219,36.74855561726913,74.75661648544407
4.145206718564267,1.5078052745751649,27.00809093889596,1.5,4.883,1327.141,36.94246316762849,74.75661648544407
4.145968899693594,1.5071568886482798,27.009506689743173,1.498,4.883,1334.063,37.13628733392699,74.75661648544407
4.146984415906648,1.5067436385891355,27.02333929001816,1.498,4.888,1341.032,37.33137404982568,74.75661648544407
4.147966977551457,1.507322539158008,27.028721696064235,1.5,4.888,1347.969,37.52563958305658,74.75661648544407
4.148928911677605,1.506554875230006,27.03798314633041,1.498,4.888,1354.875,37.71893848899438,74.75661648544407
4.149632758232507,1.5079873770726802,27.03935029241901,1.5,4.888,1361.797,37.912869458192894,74.75661648544407
4.150675427593333,1.5080472041230426,27.04412172136982,1.498,4.888,1368.719,38.106808121300546,74.75661648544407
4.1514399213172135,1.5085229620773255,27.055420331997627,1.498,4.888,1375.625,38.30035954312119,74.75661648544407
4.152448633067648,1.5069409658613455,27.070560987225463,1.5,4.893,1382.547,38.49415594120626,74.75661648544407
4.153452398738335,1.5072681992806307,27.067586245268973,1.498,4.893,1389.469,38.687994422332025,74.75661648544407
4.154085335410802,1.5094629900477017,27.07423678387276,1.498,4.893,1396.375,38.88166645468017,74.75661648544407
4.155411435128666,1.5057391439456236,27.08730251535353,1.5,4.893,1403.297,39.075308295444366,74.75661648544407
4.156167768207459,1.5077890412355053,27.087565552346515,1.498,4.893,1410.25,39.27008215881188,74.75661648544407
4.15721202348386,1.506918667224668,27.09172832304912,1.5,4.899,1417.235,39.46563948473124,74.75661648544407
4.157906605106778,1.5077338874943238,27.10314194580038,1.498,4.899,1424.204,39.66085441381889,74.75661648544407
4.159020569973072,1.5073930077693087,27.10710126959522,1.5,4.899,1431.125,39.854680940063616,74.75661648544407
4.159841620049324,1.5100910199641682,27.11513090353627,1.498,4.899,1438.047,40.04888244302852,74.75661648544407
4.161158655736297,1.5055855975913606,27.129622278564664,1.5,4.899,1444.969,40.24250453734538,74.75661648544407
4.161773929657691,1.5074173177475925,27.129057915828398,1.498,4.899,1451.891,40.436362195481024,74.75661648544407
4.162837579250064,1.5080322579514425,27.132962894538498,1.5,4.904,1458.813,40.63029893647342,74.75661648544407
4.163549331212552,1.5094413855758158,27.138064918769405,1.5,4.904,1465.735,40.824416894822185,74.75661648544407
4.164677029257145,1.5108298864822605,27.150292079372605,1.498,4.904,1472.641,41.01826430716458,74.75661648544407
4.165756898851171,1.506937982788371,27.15529391080822,1.5,4.904,1479.563,41.21206032161896,74.75661648544407
4.166794882409211,1.5071358465746263,27.164568618646022,1.498,4.904,1486.485,41.40588178185386,74.75661648544407
4.1677915829758,1.5070326796138238,27.17384732272453,1.5,4.904,1493.422,41.60010995763972,74.75661648544407
4.168592075378223,1.508007018373021,27.172121626381955,1.5,4.91,1500.407,41.79580852213078,74.75661648544407
4.169428011657552,1.5071578269034065,27.185887791833803,1.5,4.91,1507.375,41.99092086416207,74.75661648544407
4.170534190663003,1.5087969294810468,27.188872979784215,1.5,4.91,1514.329,42.185852956628764,74.75661648544407
4.171439546477703,1.509128160770194,27.19749799392124,1.498,4.91,1521.235,42.37948202862142,74.75661648544407
4.17246943128197,1.5054887159632335,27.194338379919504,1.498,4.91,1528.204,42.574406262510884,74.75661648544407
4.1733067088697045,1.5080617734285964,27.205616925224994,1.498,4.915,1535.11,42.76789851140481,74.75661648544407
4.174592479521294,1.507684402146276,27.21978797375596,1.498,4.915,1542.032,42.961790517265825,74.75661648544407
4.175432663220722,1.5066369118153533,27.21680529650431,1.498,4.915,1548.938,43.155099948928545,74.75661648544407
4.176509514619588,1.5071350029388133,27.23308405054455,1.5,4.915,1555.86,43.348921300669765,74.75661648544407
4.177338801339144,1.5075962343314844,27.231226573584312,1.5,4.915,1562.782,43.54280196792806,74.75661648544407
4.178440408212986,1.5057135037172409,27.24878135589792,1.5,4.915,1569.688,43.7359929214802,74.75661648544407
4.179376512051467,1.50659042403777,27.25686696103324,1.498,4.921,1576.61,43.92974423900515,74.75661648544407
4.1804021460827325,1.506941662096792,27.273905494343605,1.498,4.921,1583.532,44.12354072662785,74.75661648544407
4.181522262650447,1.5061847361929814,27.283737405796018,1.498,4.921,1590.438,44.31679214178249,74.75661648544407
4.182595331266654,1.508972050912776,27.28373350288959,1.498,4.921,1597.36,44.510849742513244,74.75661648544407
4.183582343566097,1.5057331999003516,27.29485831106819,1.498,4.926,1604.266,44.70404322318917,74.75661648544407
4.184619870502856,1.506488193407879,27.3015006452868,1.5,4.926,1611.188,44.89778139359801,74.75661648544407
4.185482683014175,1.508235166615047,27.30276733105305,1.5,4.926,1618.125,45.09216454734805,74.75661648544407
4.186466894584972,1.5067011785266158,27.310948215732196,1.498,4.926,1625.047,45.285930108178825,74.75661648544407
4.187713297769592,1.5097223585106414,27.323789788615755,1.498,4.926,1631.969,45.480084200353645,74.75661648544407
4.188813381359353,1.504866168203518,27.3334677353644,1.5,4.926,1638.875,45.67316643630747,74.75661648544407
4.189832418794499,1.5069153829280282,27.342769079581952,1.5,4.926,1645.797,45.86695954436297,74.75661648544407
4.191109106873669,1.509320274599943,27.34947727055352,1.498,4.931,1652.719,46.061061927535654,74.75661648544407
4.192096076095052,1.505655822676458,27.35959660873989,1.5,4.931,1659.641,46.254693052975085,74.75661648544407
4.192907056166589,1.5068530866364016,27.363337441536864,1.498,4.931,1666.563,46.44847814957082,74.75661648544407
4.194028148685434,1.5067273909410308,27.37659898926012,1.498,4.931,1673.469,46.64179919018074,74.75661648544407
4.1951602105467325,1.5076421252439771,27.378523971743697,1.498,4.937,1680.422,46.83655407516701,74.75661648544407
4.195938292258801,1.5067858844987627,27.39982241502144,1.5,4.937,1687.36,47.03077843798994,74.75661648544407
4.197213377625794,1.5072952013146446,27.397479172970037,1.498,4.937,1694.297,47.225040447886855,74.75661648544407
4.198344118652114,1.5093938574526338,27.406259632601508,1.5,4.937,1701.204,47.418731652899815,74.75661648544407
4.199492995592425,1.5050492856772728,27.420969549221677,1.5,4.937,1708.125,47.61225681413273,74.75661648544407
4.200527180101053,1.5066162025826837,27.43441999298174,1.5,4.942,1715.047,47.8060114468434,74.75661648544407
4.201519280162274,1.507257560293901,27.4446368043224,1.5,4.942,1722.297,48.00903356020782,74.75661648544407
4.202532451673683,1.5082556837044088,27.45270650761967,1.498,4.942,1729.375,48.20737040298782,74.75661648544407
4.203810509930437,1.5042720793,27.463947609075607,1.5,4.942,1736.407,48.403897809727226,74.75661648544407
4.204704796438363,1.5078470710890448,27.470839746931453,1.498,4.942,1743.532,48.60349757773649,74.75661648544407
4.205537430678295,1.5044760144740634,27.48531344362331,1.496,4.942,1750.969,48.81137193361415,74.75661648544407
4.206741332102062,1.5035904117291976,27.48796010891212,1.494,4.942,1758.141,49.011721171728105,74.75661648544407
4.206035962416723,1.4933658103626657,27.5063047100287,1.483,4.937,1765.282,49.209847916466856,74.75661648544407
4.205482532935388,1.4806061296695074,27.51573071321909,1.474,4.931,1772.485,49.40798730780469,74.75661648544407
4.206108200451512,1.4816798947172167,27.523730536561835,1.473,4.931,1779.672,49.60582994821362,74.75661648544407
4.205473307417048,1.470844892174895,27.53159013772859,1.462,4.926,1786.891,49.80310028464,74.75661648544407
4.206355105633004,1.466403395732026,27.54598022763872,1.46,4.926,1794.079,49.99893036081225,74.75661648544407
4.20572917703574,1.4569578309402136,27.54562370102002,1.451,4.921,1801.282,50.19390506207992,74.75661648544407
4.206449470349137,1.456397787994993,27.55434137045546,1.449,4.921,1808.407,50.38669428201258,74.75661648544407
4.207042380657707,1.4575193672101692,27.558950361409696,1.448,4.921,1815.579,50.58090468165264,74.75661648544407
4.206599275701614,1.4466939887358825,27.57089555402859,1.439,4.915,1822.797,50.77490901088685,74.75661648544407
4.205793050046926,1.4361064548958726,27.572313245770207,1.428,4.91,1830.0,50.96709331511698,74.75661648544407
4.206496454266595,1.4328648110543794,27.5878950833907,1.426,4.91,1837.125,51.15676738045076,74.75661648544407
4.207112075003392,1.4346625344518629,27.596435874161013,1.425,4.91,1844.297,51.34793217073265,74.75661648544407
4.2063734357272,1.4230078504660229,27.602739807539503,1.416,4.904,1851.516,51.53878658297712,74.75661648544407
4.206100721418595,1.417204842228422,27.6128038337562,1.406,4.899,1858.704,51.728046463998275,74.75661648544407
4.206373197287018,1.4075835976018507,27.61763672370276,1.405,4.899,1865.875,51.91557691007459,74.75661648544407
4.206929721915128,1.411377071722283,27.629072675788635,1.403,4.899,1873.0,52.102406557119565,74.75661648544407
4.20649925270331,1.4009125986103526,27.628567205298737,1.392,4.893,1880.188,52.28949069896962,74.75661648544407
4.205466462697695,1.3919913114860325,27.64000881611601,1.383,4.888,1887.422,52.476573083050305,74.75661648544407
4.206056139606512,1.3885460677575114,27.643018997244475,1.382,4.888,1894.61,52.66200574299168,74.75661648544407
4.206653415388667,1.3892256727860943,27.64865569905432,1.382,4.888,1901.782,52.847116197900036,74.75661648544407
4.2062532506187145,1.3820841209655803,27.649462526198665,1.372,4.883,1908.985,53.032071062680274,74.75661648544407
4.206633883212613,1.3777265813487358,27.6654138322051,1.371,4.883,1916.125,53.214830207052486,74.75661648544407
4.205763842060819,1.3668848102304203,27.66464550636799,1.36,4.877,1923.313,53.397370125662334,74.75661648544407
4.205046597290233,1.3579263695237525,27.66588019760735,1.35,4.872,1930.547,53.57987421208895,74.75661648544407
4.205533255877644,1.355487664308237,27.68264301600573,1.349,4.872,1937.735,53.76089210479474,74.75661648544407
4.206233352671577,1.3569395577761842,27.685509558593186,1.348,4.872,1944.891,53.94129715959417,74.75661648544407
4.206828001031419,1.3544723576545414,27.685896150521582,1.346,4.872,1952.032,54.120996732999785,74.75661648544407
4.205917313139711,1.3453704219339646,27.698305280117275,1.338,4.866,1959.219,54.30063852847296,74.75661648544407
4.2053565480792345,1.3320292866455643,27.69712663068731,1.327,4.861,1966.438,54.47929085741963,74.75661648544407
4.205586518231069,1.3337074518263443,27.708195027498565,1.327,4.861,1973.61,54.657003663883316,74.75661648544407
4.206261229767668,1.3315704840325442,27.716266587961872,1.326,4.861,1980.813,54.835198634134144,74.75661648544407
4.206929397049411,1.3313697133680316,27.72176047746357,1.324,4.861,1987.969,55.01220417923894,74.75661648544407
4.206080548522681,1.3219921155669754,27.722092909900645,1.315,4.856,1995.157,55.1887489263693,74.75661648544407
4.20635104632405,1.320958270656247,27.73619776322257,1.314,4.856,2002.329,55.364762939921,74.75661648544407
4.207029685895332,1.3186194957788513,27.739754109847706,1.312,4.856,2009.5,55.540440819849145,74.75661648544407
4.206563661609994,1.3099543230951758,27.74699607892576,1.303,4.85,2016.657,55.714623527145726,74.75661648544407
4.205733454843737,1.298460422653169,27.749449376131206,1.293,4.845,2023.86,55.88838760434713,74.75661648544407
4.206262546700271,1.300031662806136,27.744027783455245,1.292,4.845,2031.094,56.06311069410444,74.75661648544407
4.206687792607118,1.2968608584636183,27.75036193527702,1.291,4.845,2038.329,56.23743172473134,74.75661648544407
4.206080119682744,1.2889656264962766,27.753166989578386,1.281,4.839,2045.594,56.411409919957535,74.75661648544407
4.206246138707263,1.2864077565957368,27.759912119902832,1.28,4.839,2052.829,56.5843258688604,74.75661648544407
4.206916805647764,1.2871676600514188,27.770364908764325,1.278,4.839,2060.047,56.75693742351159,74.75661648544407
4.206238049237062,1.2751538967539038,27.779602356935136,1.269,4.834,2067.313,56.92907507071566,74.75661648544407
4.206838720941048,1.2768711894193012,27.775627871749187,1.269,4.834,2074.547,57.100685413617505,74.75661648544407
4.205992130145059,1.2670102702059696,27.781917282147973,1.259,4.829,2081.797,57.271347090485435,74.75661648544407
4.2064695769490665,1.265332043033256,27.792734033731943,1.258,4.829,2089.016,57.4410539570274,74.75661648544407
4.206762135414529,1.263332060427429,27.79596279774114,1.257,4.829,2096.25,57.61084465313313,74.75661648544407
4.207418669843899,1.260085842782536,27.8011726749329,1.257,4.829,2103.485,57.78022247139225,74.75661648544407
4.20786877967138,1.262024904391546,27.80863541250554,1.255,4.829,2110.719,57.94983748689887,74.75661648544407
4.207137125072332,1.2514055995441105,27.807674351076376,1.244,4.823,2117.954,58.11804852698164,74.75661648544407
4.206454128573694,1.2435597306010584,27.81917847496323,1.235,4.818,2125.157,58.28446562007347,74.75661648544407
4.206978507688154,1.2423535840008482,27.827405686846152,1.235,4.818,2132.344,58.45035199961911,74.75661648544407
4.206198232986134,1.2293548141290915,27.84033877872716,1.225,4.812,2139.563,58.615233585067614,74.75661648544407
4.206423999553365,1.2291571379640995,27.84342378263051,1.224,4.812,2146.766,58.77972327769717,74.75661648544407
4.206894885629311,1.2304743965803917,27.844690563888715,1.223,4.812,2153.891,58.94260611164491,74.75661648544407
4.206114515184975,1.2179165180534062,27.84978181175881,1.213,4.807,2161.11,59.10595358800619,74.75661648544407
4.206690620507929,1.2195956954379603,27.849750479792643,1.212,4.807,2168.297,59.26880120001542,74.75661648544407
4.206105083628074,1.2083895879309992,27.85747230727246,1.202,4.802,2175.516,59.43087092049615,74.75661648544407
4.206407364035288,1.206283218071497,27.859044174042808,1.201,4.802,2182.704,59.59196338329854,74.75661648544407
4.206635335524587,1.2058706918850874,27.866367760626087,1.201,4.802,2189.844,59.75192538073399,74.75661648544407
4.207251009738014,1.2050437095662112,27.872927928000685,1.199,4.802,2197.016,59.9124941015919,74.75661648544407
4.207724842983139,1.2047489253100256,27.879300500173805,1.198,4.802,2204.219,60.07371741006837,74.75661648544407
4.206904227933729,1.1951062397366523,27.88675367515224,1.189,4.796,2211.422,60.23365030388823,74.75661648544407
4.206264289058786,1.186116689386032,27.88795135250553,1.179,4.791,2218.579,60.39136650244908,74.75661648544407
4.206525461271174,1.185039059197018,27.89494727783468,1.178,4.791,2225.766,60.549599908527654,74.75661648544407
4.207035550853075,1.18218120378867,27.891367362775604,1.178,4.791,2232.954,60.7074736804114,74.75661648544407
4.207491945146536,1.1816766376087298,27.902834914775077,1.176,4.791,2240.125,60.86490684981338,74.75661648544407
4.207947607055684,1.1810357639958202,27.906616322717024,1.175,4.791,2247.266,61.02159636936499,74.75661648544407
4.207369423833975,1.172641863270483,27.902963939367066,1.166,4.785,2254.438,61.177847634373116,74.75661648544407
4.206692973736508,1.1605385846638143,27.908477074927102,1.156,4.78,2261.61,61.33248617118837,74.75661648544407
4.207031267049422,1.1595028681475834,27.914554559531684,1.155,4.78,2268.782,61.486986701660065,74.75661648544407
4.207564692925672,1.1615101980605798,27.92029705264111,1.153,4.78,2275.969,61.64207839539601,74.75661648544407
4.206811995491416,1.150819600239742,27.919659910862883,1.144,4.775,2283.157,61.795763998301325,74.75661648544407
4.207032002339086,1.1474626128999146,27.923786640883744,1.142,4.775,2290.36,61.94932107141277,74.75661648544407
4.207832042786087,1.149406239559246,27.93401041011673,1.142,4.775,2297.532,62.10247625422235,74.75661648544407
4.206936378560838,1.1380193419063298,27.9269866736847,1.133,4.769,2304.688,62.253775875906214,74.75661648544407
4.207422762365955,1.1369431830986738,27.931852602071796,1.132,4.769,2311.875,62.40558723687638,74.75661648544407
4.207752324677351,1.1364098198780097,27.93051463215865,1.132,4.769,2319.063,62.55734849318371,74.75661648544407
4.206974711795922,1.1244240452217849,27.944909974797717,1.121,4.764,2326.25,62.70748822501048,74.75661648544407
4.2074594422000855,1.123721623402107,27.946522311833377,1.119,4.764,2333.391,62.85657380450632,74.75661648544407
4.207880046348998,1.1243891221959263,27.939693080480787,1.119,4.764,2340.579,63.00672976301526,74.75661648544407
4.207429143690141,1.1174173199539896,27.94442047476084,1.108,4.758,2347.782,63.15626608007444,74.75661648544407
4.206461097005609,1.105967465240042,27.948647514329263,1.099,4.753,2355.0,63.30457835476374,74.75661648544407
4.206898898228632,1.1033793636896123,27.942661565383386,1.099,4.753,2362.125,63.4506371091569,74.75661648544407
4.207381792254795,1.1028071960261532,27.956361959469977,1.098,4.753,2369.297,63.5975830990933,74.75661648544407
4.207762180423123,1.0999824256483928,27.95348276713864,1.096,4.753,2376.485,63.74447967804956,74.75661648544407
4.207178344738505,1.0890909790805043,27.95396451941409,1.087,4.748,2383.688,63.89022527465513,74.75661648544407
4.207582428698887,1.0888476854515357,27.954150946528223,1.085,4.748,2390.829,64.03468408437064,74.75661648544407
4.20718366306119,1.080420319864634,27.955459555984483,1.077,4.742,2398.032,64.1792693459586,74.75661648544407
4.207749843790759,1.0821545250546951,27.942316704132693,1.076,4.742,2405.157,64.3225184832833,74.75661648544407
4.206891441295114,1.0729424598732646,27.964885335322027,1.066,4.737,2412.36,64.46610303401542,74.75661648544407
4.20719933163414,1.0711036313467672,27.95642063385268,1.066,4.737,2419.547,64.60912310962877,74.75661648544407
4.207522880401177,1.069009888851083,27.951628971587105,1.065,4.737,2426.735,64.75188347732288,74.75661648544407
4.208127075585994,1.0704652151812468,27.95564990242619,1.064,4.737,2434.36,64.90352923810214,74.75661648544407
4.207561231714069,1.0579972211062256,27.957986810673773,1.054,4.731,2441.704,65.04788531202082,74.75661648544407
4.20681949906823,1.051391027923102,27.96583607718816,1.045,4.726,2448.969,65.18979686478448,74.75661648544407
4.207288146509258,1.0477554511789482,27.96214472196103,1.043,4.726,2456.344,65.3333589707173,74.75661648544407
4.207656097493579,1.0471249602796182,27.9598018165996,1.042,4.726,2463.625,65.47500598015478,74.75661648544407
4.207045433206149,1.0381116702713105,27.965134203117373,1.032,4.721,2470.938,65.61605092116181,74.75661648544407
4.207515995061523,1.03882769413627,27.96411004253308,1.031,4.721,2478.204,65.75628603754602,74.75661648544407
4.207813570466974,1.0362984952395615,27.96885539984366,1.03,4.721,2485.469,65.89616047501065,74.75661648544407
4.208350086643525,1.0321961786884897,27.965553377269387,1.028,4.721,2492.75,66.03578803371668,74.75661648544407
4.2092258636742255,1.0334443413977896,27.959682135031976,1.028,4.721,2500.016,66.17529643179903,74.75661648544407
4.2085088641777935,1.0225992075126031,27.965819812737625,1.017,4.715,2507.329,66.31423374367778,74.75661648544407
4.207641761987023,1.0143016821076714,27.963204282654225,1.008,4.71,2514.625,66.45172334029908,74.75661648544407
4.208115840839279,1.010976313872952,27.96266033966306,1.008,4.71,2521.907,66.58849922166607,74.75661648544407
4.20879372354409,1.0124190638491657,27.96254155067066,1.007,4.71,2529.172,66.7251505317711,74.75661648544407
4.208096337326782,1.002496108960802,27.95496370870896,0.996,4.704,2536.485,66.8613564993923,74.75661648544407
4.20722015668409,0.9908191054767717,27.949524335041907,0.986,4.699,2543.766,66.99538688593454,74.75661648544407
4.207676670549353,0.9877193410340804,27.94725048391765,0.986,4.699,2551.063,67.12929157056999,74.75661648544407
4.20692756709613,0.9807129118827864,27.94405024338015,0.975,4.694,2558.407,67.26310275908402,74.75661648544407
4.207402142914828,0.9773512807080904,27.9359492182475,0.974,4.694,2565.813,67.39758107472457,74.75661648544407
4.207876505135137,0.979916426071529,27.937002343228205,0.974,4.694,2573.079,67.52986354546789,74.75661648544407
4.208731483143727,0.97534513460927,27.929466266679373,0.973,4.694,2580.36,67.66180073226737,74.75661648544407
4.207835057848762,0.9655805571611517,27.93015117098033,0.963,4.688,2587.688,67.79326019096614,74.75661648544407
4.206873194878295,0.9556967040481532,27.921149443169423,0.952,4.683,2595.032,67.92365809873112,74.75661648544407
4.207422829529366,0.9565452356658296,27.92613244698003,0.952,4.683,2602.36,68.05388743896476,74.75661648544407
4.208009668858151,0.9551142232775214,27.929428971189708,0.951,4.683,2609.625,68.1828040255555,74.75661648544407
4.208580889709232,0.9526247624115016,27.91358357361222,0.949,4.683,2616.907,68.3116854738178,74.75661648544407
4.20792394875516,0.9450230350526412,27.919964921582302,0.939,4.677,2624.235,68.44034611815715,74.75661648544407
4.207206163789685,0.933146879194616,27.91130598754797,0.93,4.672,2631.61,68.56820470478733,74.75661648544407
4.207580213289708,0.9319854213864532,27.905259822965256,0.929,4.672,2638.922,68.69481329368328,74.75661648544407
4.208138845688366,0.9323507431991732,27.911242833011045,0.928,4.672,2646.25,68.82174866236834,74.75661648544407
4.208485087935601,0.9311190065749596,27.896056897946835,0.926,4.672,2653.516,68.94744379255367,74.75661648544407
4.209183467561391,0.92991896271986,27.88916142319361,0.925,4.672,2660.797,69.07323607626859,74.75661648544407
4.208498110140917,0.9203156060188448,27.88082264746039,0.916,4.667,2668.141,69.19880648893194,74.75661648544407
4.20914081931377,0.9188234567297088,27.87929592723801,0.914,4.667,2675.422,69.3230978579506,74.75661648544407
4.208317477650055,0.9070751762068586,27.870865971123205,0.905,4.661,2682.719,69.44606964797697,74.75661648544407
4.20888321828917,0.9080269825812096,27.863550421591537,0.903,4.661,2690.047,69.56969344583487,74.75661648544407
4.2080354450304505,0.898816787421436,27.862464309414285,0.894,4.656,2697.391,69.69233050008789,74.75661648544407
4.208300575561584,0.9006307568267804,27.857192314923264,0.892,4.656,2704.704,69.81469634530815,74.75661648544407
4.209022139819385,0.8946952899923049,27.84812898684349,0.891,4.656,2711.969,69.93545788357612,74.75661648544407
4.208320371858196,0.8862303343797184,27.839712711682385,0.882,4.65,2719.282,70.0558671890592,74.75661648544407
4.208761770482664,0.8853308061733642,27.832300450416717,0.882,4.65,2726.579,70.17589110422783,74.75661648544407
4.208370480196158,0.8759580510833633,27.824888525720187,0.871,4.645,2733.907,70.2951488610087,74.75661648544407
4.2087842330312375,0.8734626348004512,27.82081269334672,0.871,4.645,2741.235,70.41406687806371,74.75661648544407
4.208251947628439,0.8636040646820329,27.813219673380267,0.86,4.64,2748.532,70.53114530826845,74.75661648544407
4.208416680815087,0.8638292453690802,27.804173769070168,0.86,4.64,2755.813,70.6479974834267,74.75661648544407
4.209169819521665,0.8629799692803182,27.796389341557997,0.858,4.64,2763.11,70.76499130528728,74.75661648544407
4.208177611214925,0.8516175313594866,27.786327129951857,0.849,4.634,2770.454,70.88118836219338,74.75661648544407
4.20897758647738,0.85060329023719,27.78581492769763,0.846,4.634,2777.704,70.99576153280996,74.75661648544407
4.208160582796487,0.8385175006493653,27.76923368743961,0.837,4.629,2785.016,71.10967266820502,74.75661648544407
4.208591905602492,0.8382386616908684,27.76205518011876,0.837,4.629,2792.313,71.22331232167728,74.75661648544407
4.208001446215572,0.8293288613439622,27.75496340616804,0.826,4.623,2799.657,71.3364682506559,74.75661648544407
4.208137366741951,0.8288823730196649,27.740185707179503,0.826,4.623,2806.985,71.44931686517491,74.75661648544407
4.2087823185943085,0.829497199817105,27.727978166400245,0.824,4.623,2814.266,71.56152486531604,74.75661648544407
4.207922482965921,0.8187124046673828,27.72445378198271,0.815,4.618,2821.547,71.67227398133323,74.75661648544407
4.208451013465953,0.8157355869922694,27.71729793975797,0.814,4.618,2828.922,71.78404502353702,74.75661648544407
4.209099383137676,0.8179837076786597,27.70879593063395,0.814,4.618,2836.188,71.89446760958683,74.75661648544407
4.208057296998768,0.8064757522522127,27.691819768077757,0.803,4.613,2843.485,72.0038011791395,74.75661648544407
4.207524794045395,0.7958082195653672,27.673117000925583,0.793,4.607,2850.844,72.11260523635707,74.75661648544407
4.207653898803881,0.7966270588566474,27.668397404891664,0.792,4.607,2858.141,72.2206036227981,74.75661648544407
4.208285963371317,0.7950566448793728,27.666324861858232,0.792,4.607,2865.422,72.32815276960717,74.75661648544407
4.208581432979027,0.7958422952339472,27.64574303603233,0.79,4.607,2872.704,72.43582297895436,74.75661648544407
4.208022530903069,0.7850622820586299,27.64116109133249,0.781,4.602,2880.032,72.54270568478233,74.75661648544407
4.207069828296748,0.7751992416375875,27.625774390472557,0.771,4.596,2887.407,72.64892248902018,74.75661648544407
4.2074079738611125,0.7741403240298577,27.60974342430289,0.77,4.596,2894.75,72.75453395836412,74.75661648544407
4.207616718183124,0.7709180457474791,27.60012128377636,0.77,4.596,2902.016,72.85860298008767,74.75661648544407
4.208379921910386,0.771636990742362,27.598608908731556,0.769,4.596,2909.344,72.96365789276442,74.75661648544407
4.208902764088201,0.7708243822939971,27.578942631279716,0.769,4.596,2916.657,73.0683873574655,74.75661648544407
4.207971920698697,0.7575358282248779,27.56660632831187,0.758,4.591,2923.969,73.17129727434703,74.75661648544407
4.208351228182703,0.7601985557493183,27.553655374519305,0.757,4.586,2931.266,73.27435706434908,74.75661648544407
4.207668399419294,0.7502086123665828,27.546306421277045,0.747,4.586,2938.641,73.37714968466815,74.75661648544407
4.206904042612394,0.7411648360869746,27.53412944462112,0.738,4.58,2945.954,73.47784940087023,74.75661648544407
4.207288240636906,0.7395928636415853,27.518049265474296,0.738,4.58,2953.25,73.5781019453349,74.75661648544407
4.2073900773431365,0.7382582907448888,27.508453263103327,0.736,4.58,2960.563,73.67840675843736,74.75661648544407
4.207920187228623,0.7382579385573229,27.494660078836425,0.735,4.58,2967.891,73.77891726298621,74.75661648544407
4.208219883153857,0.7372897602080081,27.48485258146549,0.735,4.575,2975.141,73.8782275130872,74.75661648544407
4.2087912765852975,0.7369884874430022,27.46241313747643,0.733,4.58,2982.454,73.97835980204133,74.75661648544407
4.207788240697609,0.7257484155017935,27.454870816861423,0.724,4.575,2989.86,74.07821890738244,74.75661648544407
4.208366188423615,0.726677277651615,27.426946698392808,0.724,4.575,2997.188,74.17715275693058,74.75661648544407
4.209011499527005,0.7257636051686,27.420069101155395,0.723,4.575,3004.469,74.27532847437622,74.75661648544407
4.2068003949911175,0.7063368254302037,27.400932907622423,0.705,4.564,3011.829,74.3719129953556,74.75661648544407
4.205716193594508,0.6985461525931516,27.39609431627988,0.695,4.558,3019.125,74.46660161752355,74.75661648544407
4.205967869340765,0.6985535355985851,27.384129061209794,0.694,4.558,3026.5,74.56231652558202,74.75661648544407
4.205074312474665,0.6882572584822981,27.371936701140253,0.686,4.553,3033.797,74.65562326497283,74.75661648544407
4.205094214991463,0.687122986373375,27.346373990048477,0.685,4.553,3041.125,74.74917197530904,74.75661648544407
4.205683116639971,0.6889129288626349,27.34127409704435,0.685,4.553,3048.438,74.84277239055629,74.75661648544407
4.205683268243087,0.6871560207086383,27.316999689475885,0.683,4.553,3055.75,74.93612133372308,74.75661648544407
4.206282543690215,0.6869030622224357,27.30034816026789,0.683,4.548,3063.063,75.0294486747628,74.75661648544407
4.20657262167857,0.6826567070604896,27.28590281552361,0.682,4.553,3070.407,75.1225922483938,74.75661648544407
4.206960677540804,0.6830107206053869,27.272078367684816,0.682,4.553,3077.657,75.21459130920518,74.75661648544407
4.207478826447368,0.684218433618938,27.258819564329915,0.68,4.548,3084.938,75.30714711543696,74.75661648544407
4.207593111097667,0.6831217616865927,27.24846796142689,0.68,4.553,3092.266,75.40015107699217,74.75661648544407
4.2080049103510735,0.6834881487011037,27.23235364407001,0.679,4.553,3099.579,75.4930144445597,74.75661648544407
4.208340038756173,0.6805585974953137,27.212906820709694,0.678,4.553,3106.922,75.58585910233698,74.75661648544407
4.20885870922734,0.6796360711155485,27.198572061056176,0.678,4.553,3114.25,75.678388502767,74.75661648544407
4.209267583625734,0.6805469766713257,27.18401957223069,0.676,4.553,3121.516,75.77025800626323,74.75661648544407
4.209537864531636,0.6773683875187153,27.167541640717708,0.676,4.553,3128.782,75.86169842048673,74.75661648544407
4.209799356471665,0.6782470275163548,27.15667408168309,0.675,4.553,3136.094,75.9538370925155,74.75661648544407
4.209085375552565,0.6700519631509834,27.141531339299032,0.665,4.542,3143.5,76.04603266351933,74.75661648544407
4.20807161894488,0.6585368706121936,27.123009246552893,0.656,4.537,3150.829,76.13570173733852,74.75661648544407
4.207339259639625,0.6492408362422994,27.10708275417651,0.646,4.537,3158.125,76.22370697508943,74.75661648544407
4.207361907335934,0.648313443395946,27.09133695630221,0.646,4.537,3165.422,76.31159854871395,74.75661648544407
4.206305764836641,0.6398690580502284,27.071515898620017,0.637,4.531,3172.719,76.39834532066286,74.75661648544407
4.206493619916735,0.6392149697394893,27.05650640659912,0.637,4.531,3180.016,76.48500341814186,74.75661648544407
4.206579324232295,0.6386731570631237,27.03773559849363,0.637,4.531,3187.329,76.57177791489441,74.75661648544407
4.20701070800547,0.6359634329342696,27.025662248053788,0.636,4.531,3194.657,76.6583614816675,74.75661648544407
4.207263957388232,0.6390600908036127,27.012239372515264,0.636,4.531,3201.922,76.74461864706711,74.75661648544407
4.2076973322314535,0.6349877749109878,26.99694257345133,0.634,4.531,3209.282,76.83144689650773,74.75661648544407
4.207749238534764,0.6375880525028429,26.978379118657998,0.634,4.531,3216.625,76.91842933234112,74.75661648544407
4.208146265771125,0.6356217431422373,26.965078805926,0.633,4.531,3223.969,77.00515532510076,74.75661648544407
4.208462038353289,0.6374698304328547,26.95315625819385,0.633,4.531,3231.297,77.09194398113158,74.75661648544407
4.20872761207862,0.6348882755204929,26.93638569669661,0.632,4.531,3238.563,77.17764985103776,74.75661648544407
4.209106126055344,0.6324275123892276,26.918359472827195,0.632,4.531,3245.844,77.26319977985618,74.75661648544407
4.209341650129277,0.6341762609696897,26.905302315820123,0.632,4.531,3253.125,77.34898626593001,74.75661648544407
4.210033498172421,0.6329643295098042,26.893796448457195,0.63,4.531,3260.438,77.43498512238438,74.75661648544407
4.20867324743316,0.6221786060063401,26.87816140782204,0.621,4.521,3267.797,77.52005028630595,74.75661648544407
4.209049182518688,0.6229575802691837,26.86641434802052,0.619,4.526,3275.11,77.60468955747028,74.75661648544407
4.208028981509651,0.6134309992655397,26.8479624199457,0.611,4.515,3282.516,77.68909438628798,74.75661648544407
4.206970218598114,0.6033124882130915,26.833610494550435,0.602,4.51,3289.875,77.77158014714563,74.75661648544407
4.207243130832457,0.6022234552213671,26.81969484312204,0.602,4.515,3297.141,77.85287647454328,74.75661648544407
4.206034069463155,0.5932648735065499,26.805378870446194,0.592,4.51,3304.469,77.93364682410943,74.75661648544407
4.205018183968767,0.5844840312267306,26.78588001386643,0.583,4.499,3311.782,78.01305881615686,74.75661648544407
4.203777916913069,0.5761405525286607,26.77015563240881,0.573,4.494,3319.094,78.09132650220378,74.75661648544407
4.20391617077368,0.5747888062914782,26.76339505133917,0.573,4.494,3326.407,78.16942123478077,74.75661648544407
4.203881210096874,0.5758988192266103,26.74192261736297,0.573,4.494,3333.704,78.24749558907025,74.75661648544407
4.203978829550495,0.5771879580325774,26.73170309397206,0.573,4.494,3341.063,78.32640956616561,74.75661648544407
4.204273325788382,0.574689816974437,26.7096584110376,0.573,4.494,3348.391,78.40465100516194,74.75661648544407
4.2045338237525645,0.5726518305799794,26.69515524928565,0.572,4.494,3355.657,78.48195535174636,74.75661648544407
4.2046216669657,0.5755619172911245,26.68291564218292,0.572,4.494,3362.938,78.5598129403083,74.75661648544407
4.203473150962709,0.5637356079441791,26.661805648660486,0.562,4.488,3370.25,78.6363954363371,74.75661648544407
4.203737551612181,0.5648978031365847,26.64601491918754,0.562,4.488,3377.563,78.71314630967771,74.75661648544407
4.203867107384117,0.5633823421916354,26.638353298683462,0.562,4.488,3384.891,78.78984828673772,74.75661648544407
4.204031553294802,0.5661116740684667,26.618817073926163,0.562,4.488,3392.157,78.8662697538853,74.75661648544407
4.204250364926418,0.5633712722314081,26.601217445139003,0.561,4.488,3399.438,78.94247828576219,74.75661648544407
4.204510623802314,0.5627072190027878,26.592133745395696,0.561,4.488,3406.75,79.01892107695257,74.75661648544407
4.204789961961875,0.5618832642757025,26.570554972988766,0.56,4.488,3414.063,79.09526237445661,74.75661648544407
4.203675081924761,0.5540484223490121,26.56508190885121,0.551,4.483,3421.422,79.17101268057871,74.75661648544407
4.204007453516725,0.5552567790256677,26.54516731524176,0.55,4.488,3428.829,79.24742336344234,74.75661648544407
4.205429398844996,0.5609579822663218,26.53040775860012,0.558,4.488,3436.141,79.3236285238825,74.75661648544407
4.204369179367433,0.5510868698086739,26.520790017964465,0.55,4.488,3443.485,79.39882034416965,74.75661648544407
4.20615968777076,0.5604733856202272,26.49988026669968,0.558,4.488,3450.797,79.4749596730033,74.75661648544407
4.204995748216892,0.5508823679929312,26.483191506693085,0.549,4.488,3458.141,79.55012359049579,74.75661648544407
4.20534942075102,0.5503859965253677,26.472951965530395,0.547,4.483,3465.438,79.62473918242632,74.75661648544407
4.204518627508159,0.5416029915944398,26.463666442156303,0.539,4.477,3472.75,79.69831500124715,74.75661648544407
4.2043218768734505,0.5408407431633147,26.436514941925203,0.539,4.477,3480.032,79.7714858246485,74.75661648544407
4.204660813918702,0.5399897715601437,26.434131864124996,0.538,4.477,3487.344,79.84484249035016,74.75661648544407
4.203667525087201,0.5299731670287305,26.40299807194492,0.53,4.472,3494.735,79.9176162731949,74.75661648544407
4.20388679852794,0.532649631279468,26.396485959107245,0.528,4.472,3502.047,79.98997579368172,74.75661648544407
4.203909293002389,0.5296773338053551,26.38274989933825,0.528,4.472,3509.375,80.06208898514012,74.75661648544407
4.204143781731095,0.5311392427570074,26.36494639121412,0.528,4.472,3516.641,80.13378939700311,74.75661648544407
4.204295810001712,0.5292658267937157,26.35816894615832,0.527,4.472,3523.922,80.20538440658322,74.75661648544407
4.204502618440415,0.5282642142247616,26.34474617768053,0.527,4.472,3531.204,80.27685374023996,74.75661648544407
4.204720734915867,0.5282978208404889,26.32750762995992,0.526,4.472,3538.563,80.34908338667165,74.75661648544407
4.204080512985026,0.5187537054255158,26.31367154542096,0.517,4.467,3545.938,80.42016235297771,74.75661648544407
4.204026516350011,0.5166125037394742,26.30444424383261,0.517,4.467,3553.25,80.49034325774674,74.75661648544407
4.204082126481019,0.5200428706482486,26.29275304811774,0.516,4.467,3560.579,80.5611544220692,74.75661648544407
4.204313090990179,0.5188419825438607,26.27502718510588,0.516,4.467,3567.844,80.63118514273,74.75661648544407
4.204677817752243,0.5163760021546132,26.261857865308844,0.516,4.467,3575.125,80.70103651599013,74.75661648544407
4.204995979617298,0.5161721540779697,26.248378399771493,0.515,4.467,3582.438,80.77116718989188,74.75661648544407
4.205151832409901,0.5164820047342955,26.236354380671276,0.515,4.467,3589.75,80.84133036659941,74.75661648544407
4.205335415316893,0.5165794906436035,26.22105439483277,0.513,4.467,3597.047,80.91136282512285,74.75661648544407
4.2056050993247664,0.5139798434093533,26.20617767495399,0.513,4.467,3604.36,80.98119563672542,74.75661648544407
4.20467408535164,0.5051131642273657,26.190023836840307,0.504,4.461,3611.719,81.05025544318477,74.75661648544407
4.206104124850199,0.5137959069289382,26.184598902119934,0.513,4.467,3619.032,81.12006326392095,74.75661648544407
4.205457008067135,0.5053686349510058,26.166945793447788,0.502,4.461,3626.375,81.18900777235282,74.75661648544407
4.204118690964901,0.4927519695671705,26.15548941185168,0.493,4.456,3633.672,81.255809944131,74.75661648544407
4.204224004034234,0.4929921712435923,26.14681459121477,0.493,4.456,3640.954,81.32250729183696,74.75661648544407
4.204298061720905,0.4937757224068053,26.128122826481817,0.493,4.456,3648.25,81.38943907958085,74.75661648544407
4.204591448215163,0.4923517831572405,26.11570328446428,0.493,4.456,3655.563,81.45633335521497,74.75661648544407
4.204477749495017,0.4941256883005974,26.106328862617467,0.492,4.456,3662.891,81.52360634971699,74.75661648544407
4.205135769928249,0.4936502340611828,26.08917469528826,0.492,4.456,3670.172,81.5903835558913,74.75661648544407
4.205235000755228,0.4945191735962735,26.084483429601995,0.492,4.456,3677.454,81.65728749309868,74.75661648544407
4.205647565674316,0.4937365798762541,26.072856526382186,0.49,4.456,3684.75,81.72421397503382,74.75661648544407
4.204473386683883,0.4847052025344109,26.053061758654334,0.482,4.45,3692.079,81.79021341792941,74.75661648544407
4.204485343822284,0.4814886630693324,26.040537438524613,0.481,4.45,3699.438,81.8560432482305,74.75661648544407
4.2048821165717625,0.4839170678569915,26.02966067089169,0.481,4.45,3706.782,81.92207023452545,74.75661648544407
4.203803384055435,0.4729313106382213,26.021458887201234,0.471,4.445,3714.157,81.98687067516299,74.75661648544407
4.203940440378968,0.4712192918503369,26.00682179589404,0.471,4.445,3721.469,82.05088499151675,74.75661648544407
4.204087298353151,0.4728648765183799,26.00207182518353,0.471,4.445,3728.829,82.11554455044417,74.75661648544407
4.20435874469421,0.4730608684696255,25.985685526569107,0.471,4.445,3736.157,82.17994966427892,74.75661648544407
4.204531944402816,0.4709582414873156,25.97366712986747,0.47,4.445,3743.5,82.24419976253526,74.75661648544407
4.204783304536583,0.4677311323117125,25.95756690595916,0.47,4.445,3750.75,82.3072014455056,74.75661648544407
4.203898172772036,0.4620344205926268,25.95081279533071,0.46,4.44,3758.063,82.36997659721801,74.75661648544407
4.204159255789563,0.4619363833631633,25.936695626605907,0.46,4.44,3765.375,82.43272984669514,74.75661648544407
4.20399900972398,0.4611531496471641,25.92545311143453,0.46,4.44,3772.688,82.4953852629185,74.75661648544407
4.204336621485456,0.4600003090656731,25.91924181715652,0.459,4.44,3780.032,82.55814898033988,74.75661648544407
4.204368689726077,0.4603486131950877,25.905834326088076,0.459,4.44,3787.36,82.62082337767994,74.75661648544407
4.204647545768586,0.4590849427654588,25.888563378974123,0.459,4.44,3794.625,82.68278838912478,74.75661648544407
4.20496272975867,0.46075501701939,25.87826254339456,0.458,4.44,3801.891,82.74498737919893,74.75661648544407
4.205216681202675,0.4587718649700583,25.87229364294886,0.458,4.44,3809.219,82.80744710934563,74.75661648544407
4.205385628109787,0.4571665664021343,25.859055958749284,0.458,4.44,3816.547,82.86968828529795,74.75661648544407
4.205606222832228,0.4585938583812073,25.854292724406857,0.456,4.44,3823.813,82.9315955327329,74.75661648544407
4.204530061463196,0.4484742734454403,25.83740654262947,0.447,4.434,3831.125,82.99251997813097,74.75661648544407
4.20455190459988,0.4500567706988725,25.82453295354377,0.447,4.434,3838.407,83.05340855745061,74.75661648544407
4.203630869100206,0.4402891033481559,25.817013151721305,0.437,4.429,3845.75,83.11347464327167,74.75661648544407
4.203554143611507,0.438369783123849,25.81023896953692,0.437,4.429,3853.079,83.17316486594136,74.75661648544407
4.203640820650743,0.4377107516847322,25.79106894553062,0.437,4.429,3860.344,83.23224489495362,74.75661648544407
4.203996105209962,0.4378635242922449,25.77837477135384,0.437,4.429,3867.625,83.29147570417929,74.75661648544407
4.204346635675513,0.4370526894151207,25.77072593589124,0.436,4.429,3874.922,83.35072674859433,74.75661648544407
4.204479543485724,0.4369388600345334,25.760238913840663,0.436,4.429,3882.282,83.41047378283399,74.75661648544407
4.204692416850312,0.4388494908481509,25.75111708964116,0.436,4.429,3889.625,83.47034347068083,74.75661648544407
4.204750819034887,0.4387830548119669,25.740445094688365,0.436,4.429,3896.969,83.53021224711152,74.75661648544407
4.204988220795889,0.4372154418814906,25.73434427648089,0.435,4.429,3904.313,83.58986713408811,74.75661648544407
4.205088389387631,0.4322162275502491,25.722069121693373,0.435,4.429,3911.641,83.64871143339923,74.75661648544407
4.2054761019040985,0.4349962396690032,25.7034591522663,0.435,4.429,3918.922,83.70755437841814,74.75661648544407
4.205644675096522,0.43411373165933,25.69856090095987,0.433,4.429,3926.25,83.76665701439646,74.75661648544407
4.204725991603144,0.4256854126471139,25.68765335828062,0.425,4.423,3933.657,83.82523696207855,74.75661648544407
4.203702938470348,0.4149975137291324,25.67299571492415,0.415,4.418,3940.954,83.88149799584774,74.75661648544407
4.20361459283461,0.4167684062760129,25.66361527896308,0.415,4.418,3948.235,83.93787521978598,74.75661648544407
4.204006045820908,0.4163069345952287,25.651192246158452,0.415,4.418,3955.61,83.99491706116001,74.75661648544407
4.203898160088389,0.414922281306176,25.64582057580852,0.414,4.418,3962.891,84.05104455551398,74.75661648544407
4.204258756904427,0.4151758393899893,25.63544687512007,0.414,4.418,3970.188,84.10732976481603,74.75661648544407
4.204299334260633,0.4135071832669875,25.626859329642684,0.414,4.418,3977.5,84.1635039921917,74.75661648544407
4.204488048582327,0.4146566744567926,25.62704339073505,0.414,4.418,3984.829,84.21996534099505,74.75661648544407
4.204807366934472,0.4144102924987926,25.61223821738692,0.413,4.418,3992.094,84.27590038944786,74.75661648544407
4.20493940101704,0.4157909454227009,25.60076368864205,0.413,4.418,3999.375,84.33214539000117,74.75661648544407
4.205047884900552,0.4137178923323637,25.59863840534885,0.413,4.418,4006.672,84.38823294605004,74.75661648544407
4.205315488203324,0.4121178851906978,25.58634388965367,0.411,4.418,4013.985,84.44422609637218,74.75661648544407
4.205505690491438,0.4117226090821752,25.57571713715172,0.411,4.418,4021.235,84.4996836348963,74.75661648544407
4.205519703580352,0.4124890050276452,25.576331886077547,0.411,4.418,4028.532,84.55560459122383,74.75661648544407
4.205923783917618,0.4108426165567759,25.556839000709854,0.411,4.418,4035.829,84.61130234737713,74.75661648544407
4.204875962981684,0.403453120765235,25.55100037144698,0.401,4.413,4043.157,84.66623067880715,74.75661648544407
4.204947196121253,0.401558647334237,25.546049832940003,0.401,4.413,4050.516,84.72113236110522,74.75661648544407
4.2049326428874885,0.401231160612862,25.535144003663437,0.401,4.413,4057.86,84.7758774529868,74.75661648544407
4.205208593771961,0.3987516501439721,25.52853648199938,0.401,4.413,4065.204,84.8302842335861,74.75661648544407
4.205453745703171,0.4007810244249699,25.512529986073247,0.399,4.413,4072.532,84.8848487710935,74.75661648544407
4.205666330491933,0.3989478164771528,25.50963200761853,0.399,4.413,4079.875,84.93927490519589,74.75661648544407
4.204524696902158,0.3902191732519065,25.498303659133896,0.39,4.407,4087.157,84.99206800293263,74.75661648544407
4.2048655503650005,0.3914247174873015,25.490061759506105,0.39,4.407,4094.438,85.04501692761224,74.75661648544407
4.204754729961978,0.3896445791871309,25.48609305009125,0.39,4.407,4101.735,85.09784087499119,74.75661648544407
4.205119878975647,0.3898609404731507,25.473187912657835,0.39,4.407,4109.047,85.15080280165472,74.75661648544407
4.205330493574315,0.3889920124135942,25.46524403643528,0.388,4.407,4116.391,85.20387795022557,74.75661648544407
4.205376217677885,0.3895213661651856,25.45233677399361,0.388,4.407,4123.735,85.25702532528979,74.75661648544407
4.20567476620782,0.3874952924303541,25.4505530278923,0.388,4.407,4131.0,85.3093275203599,74.75661648544407
4.204565121667624,0.3801496153920875,25.443557719704085,0.379,4.402,4138.313,85.36097724322913,74.75661648544407
4.204684690226571,0.3796647958666996,25.434234631423653,0.379,4.402,4145.594,85.41233537617714,74.75661648544407
4.204774372576534,0.3808699093753939,25.428716125337527,0.379,4.402,4152.922,85.46418910474468,74.75661648544407
4.204920081206702,0.3779760492397954,25.4208635075938,0.379,4.402,4160.266,85.5157612047607,74.75661648544407
4.205287271226162,0.3774308721670094,25.4080356969812,0.377,4.402,4167.704,85.5679180676126,74.75661648544407
4.205371256922522,0.3787180719573322,25.39933683460126,0.377,4.402,4175.016,85.61936625508379,74.75661648544407
4.205725211640183,0.3778513386917645,25.38683382738579,0.377,4.402,4182.36,85.6709213392469,74.75661648544407
4.204563014893157,0.3675669101245014,25.37650445424636,0.368,4.396,4189.719,85.72117562179542,74.75661648544407
4.204310940311034,0.3697301144157083,25.36617549161465,0.368,4.396,4197.079,85.77173252992598,74.75661648544407
4.204624200438049,0.3679882817151844,25.36631003750256,0.368,4.396,4204.422,85.82193503446803,74.75661648544407
4.204764921275636,0.3659921972013331,25.35998093661856,0.367,4.396,4211.766,85.87187202448924,74.75661648544407
4.2049091697082766,0.3660981681088652,25.357817642622862,0.367,4.396,4219.11,85.92182347347486,74.75661648544407
4.205035590773993,0.3671800707384813,25.342942152242777,0.367,4.396,4226.469,85.97202486677989,74.75661648544407
4.205299328029997,0.3677821264980248,25.336390638496997,0.367,4.396,4233.797,86.02209675245524,74.75661648544407
4.205456936429327,0.3648525657980351,25.330065635144013,0.365,4.396,4241.141,86.0718782480084,74.75661648544407
4.205537233537851,0.3674121759181279,25.320020611309705,0.365,4.396,4248.469,86.12189976657288,74.75661648544407
4.205632476623131,0.3673645111525745,25.313026207276668,0.365,4.396,4255.813,86.17202399891406,74.75661648544407
4.20484327826731,0.3554038595438873,25.30560522468728,0.356,4.391,4263.204,86.22082662686904,74.75661648544407
4.204838608063438,0.3559568498160827,25.30051301867427,0.356,4.391,4270.547,86.2693877530179,74.75661648544407
4.204810459544645,0.3562914078205106,25.28952330926487,0.356,4.391,4277.891,86.31800114044262,74.75661648544407
4.205207606934861,0.3559985501709758,25.27525664224481,0.356,4.391,4285.219,86.36646874509346,74.75661648544407
4.205200928356723,0.3541772317829051,25.27566657297657,0.354,4.391,4292.547,86.41468838542103,74.75661648544407
4.205637012048949,0.3548124448855927,25.264220594300603,0.354,4.391,4299.891,86.46309997904281,74.75661648544407
4.204377689146989,0.3466176002373428,25.26575293263988,0.346,4.386,4307.204,86.5101938133359,74.75661648544407
4.204567205084384,0.3486714748091039,25.25842099815241,0.345,4.386,4314.547,86.55776103807524,74.75661648544407
4.204406003934628,0.3444329397601874,25.249250354541136,0.345,4.386,4321.891,86.60475642324276,74.75661648544407
4.204751000733105,0.3451841363649257,25.237914398105065,0.345,4.386,4329.266,86.65205311017043,74.75661648544407
4.204901016078592,0.3427087801167991,25.22596509336477,0.345,4.386,4336.594,86.6987113722816,74.75661648544407
4.204864839445037,0.3465831939646258,25.219160534144308,0.345,4.386,4343.922,86.74589711844722,74.75661648544407
4.20512918846504,0.3458834300725933,25.210538494356125,0.343,4.386,4351.219,86.79278838573376,74.75661648544407
4.205296456120438,0.344094126273979,25.210513308570675,0.343,4.386,4358.532,86.83953936362086,74.75661648544407
4.205382771458175,0.3442162574076499,25.20234883603504,0.343,4.386,4365.875,86.88649878891943,74.75661648544407
4.205722591155483,0.343635184615534,25.19542631757587,0.343,4.386,4373.204,86.93328956117719,74.75661648544407
4.2046413890039815,0.3343995349424905,25.182976699114366,0.334,4.38,4380.579,86.97910855587226,74.75661648544407
4.204686465370874,0.3328370080325632,25.178354175102367,0.334,4.38,4387.922,87.02451557625247,74.75661648544407
4.204597561753581,0.3349100801320314,25.170261051802637,0.334,4.38,4395.266,87.07021163605224,74.75661648544407
4.204951070322608,0.3330676824532493,25.16435074895604,0.333,4.38,4402.547,87.11526646995398,74.75661648544407
4.205108749219678,0.3327700149817459,25.16474602445655,0.333,4.38,4409.829,87.16028722016054,74.75661648544407
4.205190725762832,0.3331817978546111,25.153873893588937,0.333,4.38,4417.157,87.20564842640006,74.75661648544407
4.205265810599191,0.3321649731343075,25.1443574369794,0.333,4.38,4424.469,87.25077245684533,74.75661648544407
4.205544802243212,0.3338562116919897,25.138193064250352,0.331,4.38,4431.813,87.29632472391351,74.75661648544407
4.205786030799413,0.3328620911050727,25.132911451427702,0.331,4.38,4439.157,87.34174135041283,74.75661648544407
4.204482505281962,0.32255083804822,25.12297533207904,0.323,4.375,4446.547,87.38602674103628,74.75661648544407
4.204793401271988,0.3257008410962133,25.11911697485032,0.322,4.375,4453.86,87.43027868158748,74.75661648544407
4.204980325884296,0.3200163137278237,25.11065880346603,0.322,4.375,4461.204,87.47394259460928,74.75661648544407
4.204784824666006,0.3207189607526903,25.11257761935742,0.322,4.375,4468.532,87.51760704151876,74.75661648544407
4.205196804189211,0.3205301073044699,25.09742743598147,0.322,4.375,4475.813,87.56096588870183,74.75661648544407
4.205155662998915,0.3193527556692905,25.08991751516648,0.322,4.375,4483.079,87.60407647490558,74.75661648544407
4.205391340453294,0.3225757883091107,25.08131235971201,0.322,4.375,4490.391,87.64789783136956,74.75661648544407
4.205429524317543,0.3191259179678612,25.08796577842932,0.322,4.375,4497.75,87.69152919101694,74.75661648544407
4.205667321891281,0.3204334184690374,25.07311604430314,0.32,4.375,4505.094,87.73525001496594,74.75661648544407
4.204669391068279,0.3102456246464779,25.06467207818876,0.311,4.369,4512.454,87.7776730119889,74.75661648544407
4.204539419935249,0.310406642837225,25.05682236975521,0.311,4.369,4519.735,87.81966243477535,74.75661648544407
4.204679173132342,0.3098665011777102,25.046865071256445,0.311,4.369,4527.0,87.86148668014526,74.75661648544407
4.204792298406325,0.3116886275714573,25.041008257259737,0.311,4.369,4534.313,87.90383482567464,74.75661648544407
4.2048857710168885,0.3092428997254569,25.038446540796127,0.31,4.369,4541.672,87.94611496469385,74.75661648544407
4.205057566732937,0.311026042923066,25.03590660207713,0.31,4.369,4549.0,87.98845976434897,74.75661648544407
4.2050916009975285,0.3077225679470294,25.033305109468834,0.31,4.369,4556.282,88.03009182325077,74.75661648544407
4.205259844787693,0.3086439461467284,25.029748491634404,0.31,4.369,4563.547,88.07175105419866,74.75661648544407
4.20579278710174,0.3113038753290122,25.016634608076497,0.31,4.369,4570.86,88.1140469246608,74.75661648544407
4.204565782897402,0.3000523437697222,25.01138093496116,0.3,4.364,4578.235,88.15515971134512,74.75661648544407
4.204361207714785,0.2987336081967724,25.008152568531496,0.3,4.364,4585.5,88.19548129396853,74.75661648544407
4.2043567615144335,0.2977124644629801,25.00440013264889,0.3,4.364,4592.782,88.23575907709963,74.75661648544407
4.204516298591489,0.2981305764520446,24.99459410491599,0.3,4.364,4600.094,88.27625959430212,74.75661648544407
4.2046855305369855,0.299500858949611,24.98779822896883,0.299,4.364,4607.438,88.31712432179927,74.75661648544407
4.204777348909249,0.2998206555526493,24.98072538279369,0.299,4.364,4614.766,88.35794355826106,74.75661648544407
4.20512869344503,0.3004036558785328,24.9751381465831,0.299,4.364,4622.047,88.39857985392143,74.75661648544407
4.205136025146064,0.2999397216054668,24.97675533437413,0.299,4.364,4629.313,88.43906980428086,74.75661648544407
4.205255069559655,0.3001904167432239,24.97477716862488,0.299,4.364,4636.625,88.47985014718304,74.75661648544407
4.205574782276812,0.296170026556913,24.963026433233047,0.297,4.364,4643.954,88.52017786937978,74.75661648544407
4.20430895320726,0.290629599406026,24.959001051960737,0.289,4.359,4651.266,88.55965939197425,74.75661648544407
4.204280600345072,0.2895333103458503,24.95268136987177,0.288,4.359,4658.532,88.59874454315249,74.75661648544407
4.204726527446767,0.2871941932766464,24.950544596442523,0.289,4.359,4665.844,88.63775937183487,74.75661648544407
4.204656059836831,0.288775195488981,24.941431676401724,0.288,4.359,4673.094,88.67665634075367,74.75661648544407
4.204613735070868,0.2896968882744283,24.93198227518232,0.288,4.359,4680.36,88.71576357390948,74.75661648544407
4.204857054238183,0.2882264717899871,24.927467297891678,0.288,4.359,4687.719,88.75517031633467,74.75661648544407
4.204927307988596,0.2877746979945897,24.92368230487091,0.288,4.359,4695.063,88.79443509392281,74.75661648544407
4.205210553784054,0.2888952960171205,24.914853698363792,0.288,4.359,4702.407,88.8338527690118,74.75661648544407
4.205236643008754,0.2877798614099712,24.916987722561416,0.286,4.359,4709.75,88.87311290450364,74.75661648544407
4.205421512774227,0.2870871525485203,24.898670707840747,0.286,4.359,4717.079,88.91220386542504,74.75661648544407
4.205469801395265,0.2851264878387781,24.90719853128888,0.286,4.359,4724.36,88.95077358331524,74.75661648544407
4.2055351042734825,0.2849600896724873,24.89734553025166,0.286,4.359,4731.625,88.98923608463693,74.75661648544407
4.20556307567869,0.2875629488052033,24.890969678841547,0.285,4.359,4738.938,89.02830635068977,74.75661648544407
4.2059677949484735,0.2856682696483782,24.88998763173098,0.285,4.359,4746.282,89.06728372135476,74.75661648544407
4.205983836535842,0.2816336480737981,24.87972761202852,0.285,4.359,4753.625,89.10570536464925,74.75661648544407
4.206356591356945,0.2843797693520711,24.87643957986509,0.285,4.359,4760.875,89.1440102856481,74.75661648544407
4.206492302962428,0.283697469905648,24.8702309034883,0.285,4.359,4768.219,89.18271875493255,74.75661648544407
4.206254334953948,0.283354256049576,24.86663950236445,0.285,4.359,4775.485,89.22096977317106,74.75661648544407
4.206757789029713,0.2846380409630801,24.85051268552941,0.284,4.359,4782.75,89.25938880595326,74.75661648544407
4.205504050031891,0.2764836888721454,24.85179937345867,0.276,4.353,4790.094,89.29711300695486,74.75661648544407
4.205448719866364,0.2732057151957662,24.848187847101947,0.274,4.353,4797.407,89.33423260120091,74.75661648544407
4.205825041870295,0.2741739133138314,24.847019517238888,0.274,4.353,4804.672,89.37123923786827,74.75661648544407
4.204415127314733,0.2675339366603753,24.846569106583072,0.265,4.348,4811.954,89.40743414123065,74.75661648544407
4.204715720850673,0.2676424466187794,24.835243312187792,0.265,4.348,4819.266,89.44379289933725,74.75661648544407
4.2046560811621525,0.2642848195319168,24.821884994819907,0.265,4.348,4826.625,89.47992630424451,74.75661648544407
4.204864216241965,0.264969705527149,24.82568367327876,0.265,4.348,4833.954,89.51600566311576,74.75661648544407
4.204675418009855,0.2649343603529631,24.813098454389284,0.265,4.348,4841.219,89.55176519069362,74.75661648544407
4.204837772191107,0.2639058502375563,24.80999071985444,0.265,4.348,4848.485,89.5873907981273,74.75661648544407
4.204999363116724,0.264607808963035,24.811547380615423,0.265,4.348,4855.797,89.62333730601776,74.75661648544407
4.205114006654643,0.2642386491212185,24.80754400365172,0.265,4.348,4863.063,89.65900783917921,74.75661648544407
4.205189753796303,0.2656562597744005,24.7985665043899,0.263,4.348,4870.422,89.69532874939107,74.75661648544407
4.205260424590443,0.2631720736812837,24.799303716111854,0.263,4.348,4877.704,89.73093353244582,74.75661648544407
4.205332156787349,0.2631638319578398,24.794915741938343,0.263,4.348,4884.969,89.76645408287142,74.75661648544407
4.205568373721017,0.2664482344974029,24.78925436024273,0.263,4.348,4892.282,89.80265555964154,74.75661648544407
4.205575708337928,0.2618672537346936,24.78127348132237,0.263,4.348,4899.61,89.83830761080557,74.75661648544407
4.205665434052717,0.2610813782320432,24.77715353096464,0.263,4.348,4906.875,89.87354708194295,74.75661648544407
4.206054354547933,0.2639696857336276,24.76992864093388,0.262,4.348,4914.157,89.90925977463905,74.75661648544407
4.206181068730328,0.263698600638148,24.776693077447632,0.262,4.348,4921.469,89.94508276816933,74.75661648544407
4.20622235320846,0.2630726292291563,24.77147328978011,0.262,4.348,4928.829,89.98105532823146,74.75661648544407
4.206641185506129,0.2615576153982588,24.763133702518694,0.262,4.348,4936.172,90.01673811495999,74.75661648544407
4.205152692841196,0.2528354095804726,24.7573857336357,0.252,4.342,4943.547,90.05138129797842,74.75661648544407
4.205187318729786,0.2520958681805673,24.75046717588378,0.252,4.342,4950.891,90.08577795711484,74.75661648544407
4.205351718713335,0.2529329771369701,24.742785261784977,0.252,4.342,4958.188,90.12006797162643,74.75661648544407
4.205445461783923,0.2504866139871172,24.750046901097583,0.252,4.342,4965.532,90.15424505965939,74.75661648544407
4.205468919798391,0.2508645843782104,24.732961613544308,0.252,4.342,4972.86,90.18839914677773,74.75661648544407
4.205581279772948,0.2528240573716878,24.745686950418065,0.251,4.342,4980.188,90.22282000734873,74.75661648544407
4.204501065181326,0.2419968981851015,24.73938751963998,0.243,4.337,4987.547,90.25590617523348,74.75661648544407
4.204567749253672,0.2423152095213701,24.72962541970471,0.243,4.337,4994.907,90.28904036503505,74.75661648544407
4.2047457125627705,0.2456580795302806,24.721491969954908,0.243,4.337,5002.219,90.32241258533645,74.75661648544407
4.204781820823934,0.2425834328644786,24.706178103627764,0.243,4.337,5009.547,90.35543923084744,74.75661648544407
4.2046919637519125,0.2425161250530476,24.709199091186075,0.243,4.337,5016.907,90.38860089384548,74.75661648544407
4.2049474939589935,0.2407951044496485,24.714620472822684,0.243,4.337,5024.235,90.42138406646998,74.75661648544407
4.204862971485322,0.2437891931306643,24.70629972705548,0.242,4.337,5031.5,90.45428952412118,74.75661648544407
4.204936872070615,0.2394743660529926,24.703177830575434,0.242,4.337,5038.766,90.4866170369359,74.75661648544407
4.2051753398769804,0.2412101505842369,24.69679303838712,0.242,4.337,5046.079,90.51938949526938,74.75661648544407
4.205189776176002,0.2413136081521874,24.687563046239827,0.242,4.337,5053.407,90.55224325984558,74.75661648544407
4.205230382083027,0.240432850762031,24.69348301966195,0.242,4.337,5060.688,90.58476716632555,74.75661648544407
4.205602615031651,0.2413628683855622,24.68405265331358,0.24,4.337,5067.938,90.61727786716276,74.75661648544407
4.205620107805531,0.2396086455647438,24.679479893908805,0.24,4.337,5075.25,90.64982828244403,74.75661648544407
4.205442286824186,0.2404185603469391,24.679067880286524,0.24,4.337,5082.579,90.6825646569696,74.75661648544407
4.205876899625494,0.2393635403725138,24.66863411108222,0.24,4.337,5089.844,90.71487276193449,74.75661648544407
4.205927880825987,0.239105594312783,24.66296472230137,0.24,4.337,5097.11,90.74715049291513,74.75661648544407
4.205993173829489,0.2371405643154593,24.66889093045083,0.24,4.337,5104.407,90.77929953683855,74.75661648544407
4.206181317803497,0.2392003992794349,24.66891895373426,0.24,4.337,5111.735,90.81186559751221,74.75661648544407
4.206572436108447,0.2389292481401052,24.663911278695508,0.239,4.337,5119.0,90.84411508386286,74.75661648544407
4.205033957096751,0.2289370824539812,24.658880518585885,0.231,4.332,5126.282,90.8750881846176,74.75661648544407
4.205088129630466,0.2322666162361983,24.64969875961726,0.231,4.332,5133.594,90.90664119806017,74.75661648544407
4.205300035875143,0.2291832998926088,24.65725760716102,0.231,4.332,5140.907,90.93777960632477,74.75661648544407
4.20528299124716,0.2305879375525132,24.645376059873172,0.229,4.332,5148.172,90.96890322389196,74.75661648544407
4.205373859046024,0.2291575212781086,24.648820959523512,0.229,4.332,5155.438,90.99983802842995,74.75661648544407
4.205414479112894,0.2316594850337497,24.6416527443904,0.229,4.332,5162.766,91.03137742747761,74.75661648544407
4.205494097224285,0.2281268915872936,24.632019263458567,0.229,4.332,5170.094,91.06243587978415,74.75661648544407
4.205919191122707,0.2272171104625853,24.63300990360277,0.229,4.332,5177.344,91.09304119845952,74.75661648544407
4.205854892914051,0.2290262224422173,24.62982745242533,0.229,4.332,5184.61,91.12395827849166,74.75661648544407
4.205965966946134,0.2299557992459996,24.6267031962711,0.229,4.332,5191.954,91.15533408524405,74.75661648544407
4.205985068712796,0.2274775415197978,24.62515420819913,0.229,4.332,5199.266,91.18623651126536,74.75661648544407
4.205970213909339,0.2295806900941625,24.625026109502787,0.228,4.332,5206.594,91.21749289171301,74.75661648544407
4.206130802675966,0.2279247138440567,24.613298777341907,0.228,4.332,5213.922,91.2485238184273,74.75661648544407
4.206297988705694,0.2275372215724328,24.61104221098596,0.228,4.332,5221.282,91.2796372656657,74.75661648544407
4.20645785861259,0.2278402572854468,24.605978082734527,0.228,4.332,5228.625,91.31072018900751,74.75661648544407
4.206630774333095,0.2290358140620547,24.59716610305737,0.228,4.332,5235.969,91.34197047043092,74.75661648544407
4.205143545554934,0.2170997703989691,24.601238764991034,0.218,4.326,5243.313,91.37159216496683,74.75661648544407
4.20531335624622,0.2174775247449347,24.592590553783857,0.218,4.326,5250.672,91.4013260084534,74.75661648544407
4.205656772794774,0.2186414877227351,24.589183136082408,0.218,4.326,5257.985,91.43103213412434,74.75661648544407
4.204159736105752,0.2090711204442692,24.58899806730869,0.209,4.321,5265.344,91.45961664178847,74.75661648544407
4.204222328733943,0.211206034450019,24.58652901579619,0.209,4.321,5272.704,91.48849696195711,74.75661648544407
4.2042328926297445,0.2088507316734308,24.575352150183495,0.209,4.321,5280.016,91.51686896845021,74.75661648544407
4.204286667464984,0.2091022145126733,24.58010877553373,0.209,4.321,5287.36,91.5453994542895,74.75661648544407
4.204156676881749,0.206319193778708,24.573025508629765,0.209,4.321,5294.672,91.57342755578877,74.75661648544407
4.2043220016193015,0.2078112681716206,24.57079326597855,0.209,4.321,5302.0,91.6017201271571,74.75661648544407
4.204520796397274,0.2077120188422944,24.56575468828841,0.209,4.321,5309.266,91.62975992557715,74.75661648544407
4.20454885761344,0.205856517237868,24.5676071225511,0.209,4.321,5316.516,91.65748805000686,74.75661648544407
4.204787705949752,0.2082540949677043,24.56285433039708,0.209,4.321,5323.829,91.68578287356041,74.75661648544407
4.20471787687577,0.2063790552664104,24.562799758473084,0.208,4.321,5331.157,91.71388045557039,74.75661648544407
4.204782038665165,0.2070719055424288,24.555391127233968,0.208,4.321,5338.422,91.7418299956262,74.75661648544407
4.204964564433447,0.2084262222790122,24.546764786905776,0.208,4.321,5345.672,91.76990424998218,74.75661648544407
4.204957911133732,0.2058496245660778,24.54852616351153,0.208,4.321,5352.985,91.7978723857663,74.75661648544407
4.205065002893154,0.2077234806720289,24.5415224287709,0.208,4.321,5360.313,91.82615300526061,74.75661648544407
4.205206225275753,0.204201771398423,24.540144700469337,0.208,4.321,5367.641,91.85395415984505,74.75661648544407
4.205175669677816,0.205832352050412,24.540064381827268,0.208,4.321,5374.907,91.8817402152307,74.75661648544407
4.205210808320156,0.2067383787405197,24.529483509679643,0.208,4.321,5382.172,91.90964473749095,74.75661648544407
4.205386043537831,0.2041230856628152,24.536743752198284,0.206,4.321,5389.469,91.9373176160881,74.75661648544407
4.205525290260264,0.2047934007511876,24.530498950112182,0.206,4.321,5396.797,91.9651993183533,74.75661648544407
4.20558911111968,0.2083942002472349,24.524763239951763,0.206,4.321,5404.063,91.99333120691423,74.75661648544407
4.205740246324253,0.2056385293451659,24.51386119538676,0.206,4.321,5411.313,92.02102996916737,74.75661648544407
4.205913967358348,0.2032058239331275,24.518998836154893,0.206,4.321,5418.625,92.04863512482028,74.75661648544407
4.205812632463326,0.2053012819691798,24.50700197260281,0.205,4.321,5425.954,92.07658978708689,74.75661648544407
4.205903752455833,0.2049271675467215,24.510783921353283,0.205,4.321,5433.219,92.10424984103224,74.75661648544407
4.206075897599775,0.202977875905555,24.5043958473052,0.205,4.321,5440.469,92.1315902229405,74.75661648544407
4.206266638093145,0.2039156740002534,24.506013638242997,0.205,4.321,5447.782,92.15929559899342,74.75661648544407
4.206342600157149,0.2056889021277049,24.508593746058853,0.205,4.321,5455.125,92.1873565415734,74.75661648544407
4.206392341109884,0.2039596750258935,24.499599377862516,0.205,4.321,5462.469,92.21518536506849,74.75661648544407
4.206561634955792,0.2052893764063736,24.49452493365037,0.205,4.321,5469.782,92.2430773817116,74.75661648544407
4.205308135461097,0.1958439217034289,24.493252720456205,0.195,4.315,5477.094,92.26968243582697,74.75661648544407
4.205070111331011,0.1952174289417409,24.49612868140081,0.195,4.315,5484.375,92.29608994787051,74.75661648544407
4.205354694888188,0.1935072338041828,24.49031323718844,0.195,4.315,5491.672,92.32232364001437,74.75661648544407
4.205474960699545,0.1948072011059259,24.48210990372418,0.195,4.315,5499.016,92.34890367459455,74.75661648544407
4.205478295666532,0.1947469767123772,24.47781265835513,0.195,4.315,5506.36,92.37547549199152,74.75661648544407
4.205729532421742,0.1941110153153528,24.47571006770266,0.195,4.315,5513.719,92.40201463232418,74.75661648544407
4.204235557621278,0.1855239366149521,24.475794168199112,0.186,4.31,5521.047,92.42727288354122,74.75661648544407
4.204600202586673,0.1861915398610261,24.473004841078883,0.186,4.31,5528.407,92.45273272088856,74.75661648544407
4.204345086214005,0.1861379164495029,24.469199710744057,0.186,4.31,5535.735,92.47807456270412,74.75661648544407
4.204418392005521,0.1833042770060628,24.464327944420287,0.186,4.31,5543.079,92.50308510643073,74.75661648544407
4.204658688094515,0.1847385994069911,24.457146259491303,0.186,4.31,5550.391,92.52818152194197,74.75661648544407
4.204703766306964,0.1852477705774111,24.452097058962472,0.186,4.31,5557.719,92.55340217439263,74.75661648544407
4.204836548250812,0.185047676812161,24.45763220635686,0.186,4.31,5564.969,92.57832742367269,74.75661648544407
4.204792957640417,0.1846776374665673,24.45608616012109,0.186,4.31,5572.235,92.6032577274467,74.75661648544407
4.204841481525015,0.1854042287475026,24.451103186912256,0.186,4.31,5579.547,92.62844456753928,74.75661648544407
4.204878048286652,0.1869125206627596,24.45077948806688,0.186,4.31,5586.875,92.65389186824156,74.75661648544407
4.204989995540405,0.1858673985866514,24.45538518462919,0.186,4.31,5594.141,92.67898278218229,74.75661648544407
4.205070319914788,0.184156146797804,24.447625780945195,0.185,4.31,5601.407,92.70384268804044,74.75661648544407
4.20517603955341,0.1825501299873401,24.452971975460045,0.185,4.31,5608.719,92.72864180380995,74.75661648544407
4.205144733458111,0.1836275259970306,24.45216078073707,0.185,4.31,5616.063,92.75369645252502,74.75661648544407
4.20551781940761,0.1840284938546867,24.44096789135512,0.185,4.31,5623.391,92.77875110592278,74.75661648544407
4.205554070799111,0.1836528394533242,24.441255644423716,0.185,4.31,5630.735,92.80380920847601,74.75661648544407
4.205382383385291,0.1826856784547771,24.44077772227112,0.185,4.31,5638.079,92.82873534890133,74.75661648544407
4.205668049275701,0.1812463829527535,24.433266281866917,0.185,4.31,5645.407,92.85341123038774,74.75661648544407
4.205701355944338,0.182764302715853,24.427485004375228,0.183,4.31,5652.75,92.87834470298218,74.75661648544407
4.205849229841652,0.1831857095564367,24.42189735766289,0.183,4.31,5660.016,92.90307360599908,74.75661648544407
4.205844121005119,0.1802815531985044,24.419729273897307,0.183,4.31,5667.266,92.9273568757568,74.75661648544407
4.20588706735139,0.1828141227036928,24.419527451149666,0.183,4.31,5674.579,92.9521952509436,74.75661648544407
4.206078432869244,0.1837020859787692,24.41982692826152,0.183,4.31,5681.922,92.97725665986333,74.75661648544407
4.206285168105621,0.1815368965492218,24.415734100403395,0.183,4.31,5689.25,93.00197209347189,74.75661648544407
4.206120415386342,0.1824836803057559,24.414710368534568,0.183,4.31,5696.516,93.02660622701524,74.75661648544407
4.206314010522007,0.1830328454130834,24.41015258812269,0.183,4.31,5703.782,93.05131449434727,74.75661648544407
4.206410566034073,0.180420500255378,24.39964097237134,0.182,4.31,5711.079,93.07577402367386,74.75661648544407
4.20648966221193,0.1811894841440613,24.402786883352075,0.182,4.31,5718.422,93.10049265291477,74.75661648544407
4.206505268101913,0.1815295962820697,24.40354797637601,0.182,4.31,5725.782,93.12531501594222,74.75661648544407
4.206565351309652,0.1800318338955251,24.39617107812703,0.182,4.31,5733.125,93.14987571368164,74.75661648544407
4.205520701525491,0.1728007587535054,24.402206748443312,0.172,4.305,5740.454,93.17340497177508,74.75661648544407
4.205450040835294,0.1744951681769277,24.39475655276513,0.172,4.305,5747.813,93.19726220495733,74.75661648544407
4.205636880615071,0.1727075961403099,24.39511097407908,0.172,4.305,5755.125,93.2207242297242,74.75661648544407
4.205746937143754,0.1709578457889895,24.39400248457393,0.172,4.305,5762.469,93.24405019214768,74.75661648544407
4.205554371658915,0.1718759887238143,24.39629905593869,0.172,4.305,5769.797,93.26745033652028,74.75661648544407
4.20559643066782,0.1737167662182357,24.38728963482856,0.172,4.305,5777.125,93.29110109448614,74.75661648544407
4.205752867166841,0.1693542101919525,24.381631227575227,0.172,4.305,5784.391,93.31396283326195,74.75661648544407
4.205775800788824,0.170226139630504,24.37525638899792,0.172,4.305,5791.657,93.33694227695358,74.75661648544407
4.205774877283406,0.1695079292525738,24.37586613408725,0.172,4.305,5798.954,93.35992239374062,74.75661648544407
4.205877025987643,0.1690787828457984,24.370638429254928,0.172,4.305,5806.282,93.38294171108862,74.75661648544407
4.206158370227085,0.1729122016769993,24.37223085207536,0.172,4.305,5813.547,93.40628054353067,74.75661648544407
4.206098439193988,0.1693767713023601,24.37486786309873,0.171,4.305,5820.813,93.42914532791256,74.75661648544407
4.206261554783024,0.1686170368247276,24.369648636035613,0.171,4.305,5828.11,93.45200466679778,74.75661648544407
4.206096629105914,0.1720629531416554,24.36169930230063,0.171,4.305,5835.454,93.47548141313214,74.75661648544407
4.2064178052511005,0.1696059821818261,24.36182284736011,0.171,4.305,5842.813,93.49867018969421,74.75661648544407
4.206462197277298,0.1716675357094314,24.35762590932693,0.171,4.305,5850.125,93.52199092407123,74.75661648544407
4.206270133708063,0.1703645011704775,24.361840846027896,0.171,4.305,5857.469,93.54523592891007,74.75661648544407
4.206529724931771,0.1690434928200456,24.358877540642165,0.171,4.305,5864.813,93.56830069170735,74.75661648544407
4.206564282527009,0.1668981217343439,24.351447434667698,0.17,4.305,5872.125,93.59097350954042,74.75661648544407
4.205360080733858,0.1617521865954841,24.350263270983227,0.161,4.299,5879.422,93.61290218364383,74.75661648544407
4.205426772452691,0.1613533492178264,24.35588309097346,0.161,4.299,5886.688,93.63468385719204,74.75661648544407
4.205261236283055,0.1588394851407123,24.347698697114318,0.161,4.299,5893.985,93.65621765761672,74.75661648544407
4.205535867194604,0.1626646882158575,24.34895361556668,0.161,4.299,5901.329,93.67841207862995,74.75661648544407
4.205537602939801,0.1609978360427274,24.34323723022212,0.161,4.299,5908.625,93.70023549460656,74.75661648544407
4.2055841423239135,0.1596075058615794,24.33782517442045,0.161,4.299,5915.954,93.72196830542381,74.75661648544407
4.205709777490898,0.1591891632092428,24.34147217102739,0.161,4.299,5923.219,93.74345487011215,74.75661648544407
4.205740405093186,0.1597357735205208,24.34593380275744,0.161,4.299,5930.485,93.76501818125297,74.75661648544407
4.205811185157124,0.1617357548314292,24.33890293223498,0.161,4.299,5937.782,93.78694462770922,74.75661648544407
4.205677613172621,0.1594749601317313,24.33611431668021,0.16,4.299,5945.094,93.80860902202612,74.75661648544407
4.205995484148172,0.1592711487922714,24.33823271971613,0.16,4.299,5952.36,93.83010961179052,74.75661648544407
4.205942639826883,0.1584583672423349,24.33246363021665,0.16,4.299,5959.625,93.85149753725929,74.75661648544407
4.205977257515766,0.1597309319353472,24.326987706952902,0.16,4.299,5966.922,93.87315219074107,74.75661648544407
4.206084133570562,0.1597654040874551,24.331993143461062,0.16,4.299,5974.25,93.89490353337567,74.75661648544407
4.205904119385063,0.1595433829967779,24.326772755347,0.16,4.299,5981.563,93.9165801869451,74.75661648544407
4.20631315538532,0.1570994403549227,24.31841584203943,0.16,4.299,5988.829,93.93778760991468,74.75661648544407
4.206274021574149,0.1623006327702749,24.32061014060669,0.16,4.299,5996.094,93.9596941453513,74.75661648544407
4.206297310731947,0.1587055063542002,24.31671153289247,0.16,4.299,6003.391,93.98120978232974,74.75661648544407
4.206379097294144,0.1589517591446024,24.31414744065705,0.159,4.299,6010.719,94.00285035085754,74.75661648544407
4.206660988195911,0.1589650714180675,24.328141630074008,0.159,4.299,6017.985,94.02430962212762,74.75661648544407
4.205262852673715,0.1484868299383559,24.317949739565066,0.151,4.294,6025.266,94.04439577822116,74.75661648544407
4.205392064271862,0.1510378953971466,24.30879170518128,0.151,4.294,6032.579,94.06491681815952,74.75661648544407
4.205350124024327,0.1489419894233738,24.31831768560622,0.151,4.294,6039.907,94.0851946014702,74.75661648544407
4.2053936500287055,0.148918556121839,24.311110143510238,0.151,4.294,6047.25,94.1055106953829,74.75661648544407
4.20558185090231,0.1489642741723849,24.30450812902698,0.151,4.294,6054.594,94.12583579392258,74.75661648544407
4.2054541579648905,0.1499043895524668,24.30386214151172,0.151,4.294,6061.954,94.14633372513099,74.75661648544407
4.205547647815748,0.1464522320410042,24.308563164646785,0.151,4.294,6069.297,94.16631335277013,74.75661648544407
4.205407554750895,0.1482092724028964,24.31180723753873,0.151,4.294,6076.625,94.18649137994738,74.75661648544407
4.205707182606259,0.1494491312153651,24.303101212930404,0.149,4.294,6083.938,94.206796559534,74.75661648544407
4.205952318690095,0.1503453128939431,24.31379878073112,0.149,4.294,6091.266,94.22726539903617,74.75661648544407
4.205717172370364,0.1491518850709418,24.28891997691114,0.149,4.294,6098.532,94.24739995270653,74.75661648544407
4.206163587907921,0.1488042755354229,24.29670329202788,0.149,4.294,6105.782,94.26744334760645,74.75661648544407
4.2059257853522665,0.1495402215462358,24.29821390655846,0.149,4.294,6113.094,94.28775812506831,74.75661648544407
4.206012800668337,0.1466855467766495,24.28506314237044,0.149,4.294,6120.438,94.30777230772482,74.75661648544407
4.206016883601235,0.1492982731027695,24.29029147317402,0.149,4.294,6127.766,94.3280985974592,74.75661648544407
4.2059863378400575,0.1468897069082928,24.287673085345883,0.149,4.294,6135.094,94.34809697171744,74.75661648544407
4.206081053100104,0.1487436393728058,24.287683431001724,0.149,4.294,6142.422,94.36834775055905,74.75661648544407
4.206246239967216,0.1470043829782474,24.2857575559363,0.149,4.294,6149.782,94.38844913477216,74.75661648544407
4.206437171716759,0.1475118071351217,24.286262283029377,0.149,4.294,6157.141,94.40861716358765,74.75661648544407
4.206474264538748,0.1463357167237291,24.27439306624238,0.148,4.294,6164.438,94.42845583352629,74.75661648544407
4.206435631673748,0.1454390604354302,24.26869488020168,0.148,4.294,6171.797,94.44834047339836,74.75661648544407
4.206278094257462,0.147218739924665,24.274706476910023,0.148,4.294,6179.125,94.46838364402487,74.75661648544407
4.206543977704825,0.1469198758585332,24.2693884306984,0.148,4.294,6186.454,94.48838885524655,74.75661648544407
4.206702342533721,0.1455984554575342,24.265717158839085,0.148,4.294,6193.719,94.50804101352567,74.75661648544407
4.205407585286101,0.138414225152072,24.25564809903681,0.14,4.288,6201.016,94.52680577027189,74.75661648544407
4.2054000366669655,0.1392711660017083,24.26086947617767,0.14,4.288,6208.313,94.54568670211914,74.75661648544407
4.205376543775801,0.1370000332550777,24.259799950484062,0.14,4.288,6215.657,94.56437936645973,74.75661648544407
4.205194996315885,0.1398416637817559,24.26361665907596,0.14,4.288,6223.0,94.58345715265568,74.75661648544407
4.205473181452909,0.1405428074370425,24.257172955177776,0.138,4.288,6230.313,94.6025522582706,74.75661648544407
4.205476741101522,0.1367996547910868,24.255712652729063,0.138,4.288,6237.641,94.62117691722386,74.75661648544407
4.205456716585085,0.1360703348376265,24.25740281485398,0.138,4.288,6244.907,94.63954554500506,74.75661648544407
4.2059038435468175,0.1354100469971609,24.25627927507249,0.138,4.288,6252.172,94.65782252237963,74.75661648544407
4.205623337960373,0.1357793776413607,24.25062113520111,0.138,4.288,6259.485,94.67627043589205,74.75661648544407
4.205821255548374,0.1351050460440182,24.251730527500516,0.138,4.288,6266.813,94.6946643814709,74.75661648544407
4.205776143560084,0.1372573606996245,24.25184074569443,0.138,4.288,6274.079,94.7131932501764,74.75661648544407
4.205530526978591,0.1368322480847544,24.25223955662484,0.138,4.288,6281.344,94.73166218920875,74.75661648544407
4.205860595784673,0.1369000255261964,24.249489031400227,0.138,4.288,6288.641,94.75022166656541,74.75661648544407
4.206021271254773,0.1367549732253709,24.245342630603435,0.138,4.288,6296.0,94.76891900540382,74.75661648544407
4.2060843147686775,0.1375926066889712,24.24843749814117,0.138,4.288,6303.329,94.7876541775054,74.75661648544407
4.20596417574957,0.1390235724852101,24.24012014345449,0.138,4.288,6310.672,94.80662035625602,74.75661648544407
4.206059247988681,0.1372655423620223,24.24012627174454,0.138,4.288,6317.985,94.82527019025673,74.75661648544407
4.206270685967976,0.1352674007521116,24.2373489022164,0.137,4.288,6325.438,94.84400037809831,74.75661648544407
4.206225968558665,0.1361260781061008,24.2431979755512,0.137,4.288,6332.75,94.86249286764318,74.75661648544407
4.206161107603837,0.1359611467544376,24.23639829467381,0.137,4.288,6340.079,94.88100589348718,74.75661648544407
4.2062316982822185,0.1352426404748826,24.23695248090518,0.137,4.288,6347.407,94.89941857193018,74.75661648544407
4.206619956918193,0.1358437029659333,24.223220979567238,0.137,4.288,6354.735,94.91791308233338,74.75661648544407
4.205156395075711,0.1253591758425315,24.22349450784386,0.127,4.283,6362.094,94.93505237117934,74.75661648544407
4.205147318689463,0.1231454149284854,24.21853486392496,0.127,4.283,6369.438,94.95185467298649,74.75661648544407
4.2050905135305126,0.1276742212139699,24.22235831170036,0.127,4.283,6376.766,94.96923694511915,74.75661648544407
4.204936573640564,0.127955038709446,24.217104527129585,0.127,4.283,6384.094,94.98665744929332,74.75661648544407
4.205104598932582,0.125106218420466,24.22050714229253,0.127,4.283,6391.438,95.00372728856485,74.75661648544407
4.205281915814245,0.1246619104272883,24.21161096816632,0.127,4.283,6398.766,95.0206994481051,74.75661648544407
4.205141867570998,0.1278428497944974,24.220058026324896,0.127,4.283,6406.094,95.03810467826209,74.75661648544407
4.205303299641833,0.1257440884317069,24.20607722472101,0.127,4.283,6413.469,95.05533397172321,74.75661648544407
4.20517310814287,0.1267240266023928,24.21122944121832,0.127,4.283,6420.797,95.0725868791246,74.75661648544407
4.2050589466293165,0.1244829859225608,24.208702303179,0.127,4.283,6428.172,95.08964337793999,74.75661648544407
4.205366098836406,0.126633183509308,24.20016626105184,0.127,4.283,6435.5,95.10688391746201,74.75661648544407
4.205515525490006,0.1254473435723969,24.196000792561613,0.127,4.283,6442.829,95.12396534086169,74.75661648544407
4.205377921897995,0.1245350388943322,24.206107198104192,0.127,4.283,6450.157,95.14092022741222,74.75661648544407
4.205399800963374,0.1242120817639239,24.199309213416544,0.127,4.283,6457.516,95.1579026838874,74.75661648544407
4.205597955846855,0.1235911040473182,24.19478811032002,0.127,4.283,6464.844,95.17472905794551,74.75661648544407
4.205863598823813,0.1249748901699145,24.19277227688436,0.127,4.283,6472.157,95.19170900000394,74.75661648544407
4.205725520950081,0.1256378247245606,24.192423478768102,0.126,4.283,6479.485,95.20881402589524,74.75661648544407
4.205812784646722,0.1257897592683668,24.185954311300083,0.126,4.283,6486.813,95.22593973699271,74.75661648544407
4.206028642481978,0.1267266068108069,24.189797039111244,0.126,4.283,6494.141,95.24319299567789,74.75661648544407
4.205966652199504,0.1246821132215159,24.189655909019304,0.126,4.283,6501.469,95.2601679057379,74.75661648544407
4.206217148074335,0.1232428714219768,24.181879268862165,0.126,4.283,6508.797,95.27694686948718,74.75661648544407
4.205914208477854,0.1249307519674323,24.18262350694165,0.126,4.283,6516.141,95.2939927676294,74.75661648544407
4.2059335415723735,0.1248370034208582,24.180732245193838,0.126,4.283,6523.469,95.31098876529482,74.75661648544407
4.206055163847303,0.125243461506905,24.18156525411757,0.126,4.283,6530.782,95.32800519728922,74.75661648544407
4.206242593893319,0.1231071909024801,24.17814678406671,0.126,4.283,6538.141,95.34483659147884,74.75661648544407
4.2064118809425,0.1248562528671065,24.17523348208452,0.126,4.283,6545.454,95.3618004146631,74.75661648544407
4.20610445152944,0.1259489705229069,24.17944858915412,0.126,4.283,6552.782,95.37894780165821,74.75661648544407
4.206312589875369,0.1246930051347842,24.17168243340554,0.126,4.283,6560.11,95.39592419460335,74.75661648544407
4.206325725869512,0.1244508950387333,24.16405009149588,0.125,4.283,6567.454,95.41290461973593,74.75661648544407
4.206147572531147,0.1226474178705666,24.170611273935183,0.125,4.283,6574.766,95.42956605687002,74.75661648544407
4.206343570735674,0.1227239048683701,24.165600380817715,0.125,4.283,6582.125,95.4463450476356,74.75661648544407
4.206451963955143,0.125266062243859,24.171580096242383,0.125,4.283,6589.454,95.46340178702809,74.75661648544407
4.207036056795181,0.1240990948823954,24.16838730450497,0.125,4.283,6596.735,95.48018895793012,74.75661648544407
4.205238324532677,0.1141214635927144,24.172024240401207,0.117,4.278,6604.032,95.49566035547967,74.75661648544407
4.205442191201767,0.1145647715867563,24.164537310799783,0.115,4.278,6611.329,95.51119185210258,74.75661648544407
4.2052589511256375,0.1135591893671508,24.163142080087347,0.115,4.278,6618.672,95.52668407292391,74.75661648544407
4.205320267018348,0.1151480257529562,24.170111827805165,0.115,4.278,6626.0,95.54236095977033,74.75661648544407
4.205565989900314,0.1167218502336291,24.15394841658452,0.115,4.278,6633.375,95.55835403774388,74.75661648544407
4.205597827863902,0.1145543843690274,24.156084436461587,0.115,4.278,6640.704,95.57395223126453,74.75661648544407
4.205411389149817,0.1170224204002227,24.16087750806273,0.115,4.278,6647.969,95.58974733788624,74.75661648544407
4.205366581279687,0.1159349786703905,24.157621455771373,0.115,4.278,6655.235,95.60539782094382,74.75661648544407
4.20545069260013,0.1146501123168831,24.16255714647524,0.115,4.278,6662.547,95.62097283811052,74.75661648544407
4.20547403032619,0.1168652658827892,24.15564842128671,0.115,4.278,6669.891,95.63691825897152,74.75661648544407
4.205685441765101,0.1138562463619704,24.15204311161412,0.115,4.278,6677.157,95.652288126419,74.75661648544407
4.205420526981258,0.1142301125564736,24.145342511611773,0.115,4.278,6684.422,95.66770634115997,74.75661648544407
4.205418408207085,0.1135070113960049,24.14641613593819,0.115,4.278,6691.735,95.68312817889161,74.75661648544407
4.205531766076207,0.117443285060839,24.137214420147828,0.115,4.278,6699.094,95.69918519563687,74.75661648544407
4.205830386475305,0.1150775172193408,24.14243340353665,0.115,4.278,6706.454,95.71492089916522,74.75661648544407
4.205946623812896,0.1131494550922764,24.140506962840146,0.115,4.278,6713.766,95.7302920546735,74.75661648544407
4.205746340473276,0.1140048698910411,24.13688252276284,0.115,4.278,6721.11,95.74584719517554,74.75661648544407
4.205900478272626,0.112878120944656,24.134579715677003,0.115,4.278,6728.422,95.7611814904146,74.75661648544407
4.206036834182375,0.1123804248256331,24.141242760995933,0.115,4.278,6735.766,95.7765149871285,74.75661648544407
4.205861430543561,0.1119469807463926,24.13523993279516,0.114,4.278,6743.079,95.79172486844229,74.75661648544407
4.206100138003404,0.1121345054433565,24.13656142370576,0.115,4.278,6750.391,95.8069581448165,74.75661648544407
4.205972209761421,0.1115444866798574,24.13364161356793,0.114,4.278,6757.672,95.82204702489938,74.75661648544407
4.206214133687596,0.1128521551493097,24.13849633158788,0.114,4.278,6764.969,95.83734634285128,74.75661648544407
4.206051317814087,0.1147901086730833,24.130762889467587,0.114,4.278,6772.329,95.85304274612547,74.75661648544407
4.206313074553153,0.1129761698122474,24.14097151856892,0.114,4.278,6779.641,95.86839036113162,74.75661648544407
4.206265217811644,0.1135699641205728,24.13267048555816,0.114,4.278,6787.0,95.8839178118045,74.75661648544407
4.206426176569327,0.1117646842946557,24.127125190618848,0.114,4.278,6794.36,95.89920051844865,74.75661648544407
4.206595978070652,0.1134156754575365,24.13462493076197,0.114,4.278,6801.672,95.91460783952778,74.75661648544407
4.206605442880819,0.111129249575585,24.128654633023963,0.114,4.278,6809.016,95.92977062242194,74.75661648544407
4.206451144707087,0.1129828325324753,24.12615582010019,0.114,4.278,6816.36,95.9451863133134,74.75661648544407
4.206466655893795,0.1127369864412917,24.128643289527822,0.114,4.278,6823.719,95.96059987806646,74.75661648544407
4.2065450963945965,0.1115347853643748,24.119266485764783,0.114,4.278,6831.047,95.97578483845257,74.75661648544407
4.206813109970022,0.1097759995331708,24.12289755862737,0.114,4.278,6838.36,95.99069975543266,74.75661648544407
4.206716370932839,0.1085339456626386,24.12113426086561,0.112,4.278,6845.719,96.00553867433747,74.75661648544407
4.206863832337758,0.1123169050445774,24.125388172066582,0.112,4.278,6853.079,96.02089689166533,74.75661648544407
4.206735538126456,0.1133455409196134,24.124451373193956,0.112,4.278,6860.407,96.03632837829242,74.75661648544407
4.206880086957034,0.1155334346749323,24.11635038782116,0.112,4.278,6867.735,96.0520577368336,74.75661648544407
4.207344297281666,0.111009055519209,24.112584849497296,0.112,4.278,6875.094,96.06723505635786,74.75661648544407
4.207130048359503,0.1093583620026602,24.117245620711586,0.112,4.278,6882.407,96.0820932302509,74.75661648544407
4.207149868999878,0.1102913621271984,24.11943569919258,0.112,4.278,6889.735,96.09710890414458,74.75661648544407
4.207008800635881,0.1097666670182018,24.106554560947927,0.112,4.278,6897.016,96.1119572944598,74.75661648544407
4.207142314815385,0.1107706686109098,24.109756639931238,0.112,4.278,6904.282,96.12691062858084,74.75661648544407
4.207055190222301,0.1079697767086684,24.11176052987444,0.112,4.278,6911.579,96.14154804459538,74.75661648544407
4.2073709143979245,0.1077398386271444,24.10311589179823,0.112,4.278,6918.922,96.15624636518547,74.75661648544407
4.207367903519756,0.1096916381990922,24.109480120604868,0.111,4.278,6926.188,96.1710540370795,74.75661648544407
4.207560802222348,0.1097037565674018,24.111471511863925,0.111,4.278,6933.454,96.18586334487601,74.75661648544407
4.206271618945238,0.1024002376315389,24.10414524247343,0.103,4.272,6940.782,96.19980467759014,74.75661648544407
4.206079814038165,0.1019856965938208,24.102063227939684,0.103,4.272,6948.11,96.2136895724027,74.75661648544407
4.205912715059667,0.1027579683117687,24.099476274212684,0.103,4.272,6955.438,96.2276796085432,74.75661648544407
4.206146096020823,0.1024272045861608,24.104307200864373,0.103,4.272,6962.782,96.24165506029446,74.75661648544407
4.20634538434947,0.1022304309796056,24.09905914602825,0.103,4.272,6970.11,96.25557327459512,74.75661648544407
4.205867112211713,0.1019452880830848,24.095716902034,0.103,4.272,6977.438,96.26945266797034,74.75661648544407
4.206131168583132,0.0997898524489569,24.08959717069565,0.103,4.272,6984.704,96.28292366191008,74.75661648544407
4.206452025818236,0.0978025383246517,24.08392384735275,0.103,4.272,6991.969,96.2961245640571,74.75661648544407
4.2064486944054496,0.1006244241489383,24.089059282034924,0.103,4.272,6999.266,96.30976617379633,74.75661648544407
4.20656440851562,0.1016318159386975,24.08184689628439,0.103,4.272,7006.61,96.32363310051548,74.75661648544407
4.205124970499199,0.0913472912847986,24.094096008566154,0.093,4.267,7013.891,96.3359898593757,74.75661648544407
4.205212417748133,0.0932164141100647,24.08183019344041,0.093,4.267,7021.172,96.34859945879319,74.75661648544407
4.205042706794345,0.0920955700357353,24.084857944153608,0.093,4.267,7028.516,96.36116523368413,74.75661648544407
4.20513097867484,0.0921361379652147,24.08485246846389,0.093,4.267,7035.829,96.37368347860526,74.75661648544407
4.205083840657259,0.0933791134579566,24.08992202029565,0.093,4.267,7043.094,96.38628732877571,74.75661648544407
4.205016867593781,0.0913826775626454,24.087136373382872,0.093,4.267,7050.391,96.39867603892019,74.75661648544407
4.205031918789223,0.0917031472572021,24.089819701602465,0.093,4.267,7057.672,96.41108093523889,74.75661648544407
4.204983121751224,0.0931114920955306,24.0957758383183,0.093,4.267,7064.938,96.42365039310415,74.75661648544407
4.20507236183349,0.0942286587925946,24.091753908614415,0.093,4.267,7072.235,96.43642493169527,74.75661648544407
4.205371132677593,0.0930244758846654,24.096469540091924,0.093,4.267,7079.563,96.44908979653212,74.75661648544407
4.205141927920018,0.0931759687227409,24.092206293632408,0.093,4.267,7086.829,96.46166795833105,74.75661648544407
4.205115162973565,0.0922267425559381,24.08900102144217,0.093,4.267,7094.11,96.4741436825939,74.75661648544407
4.205391613033071,0.0902830924578899,24.07559416739199,0.093,4.267,7101.391,96.48635648482336,74.75661648544407
4.204953237561238,0.0911838741957132,24.083872197803046,0.093,4.267,7108.688,96.49871824328122,74.75661648544407
4.205031834898043,0.0957922213896545,24.081727732789066,0.093,4.267,7116.016,96.51175992424511,74.75661648544407
4.205318024438657,0.0926461909247422,24.08282369757329,0.093,4.267,7123.282,96.52426656941854,74.75661648544407
4.204953733073511,0.0932352545180159,24.076566384076045,0.093,4.267,7130.563,96.53687871742147,74.75661648544407
4.205322783406597,0.0937949516920886,24.07066743637554,0.093,4.267,7137.844,96.54956657695256,74.75661648544407
4.205476363009409,0.0923227466065852,24.067715960902348,0.093,4.267,7145.141,96.56208273185148,74.75661648544407
4.205525825851079,0.0922106139857599,24.074778561424655,0.093,4.267,7152.407,96.57453057691484,74.75661648544407
4.205447535941818,0.0902940214714118,24.069785367084663,0.093,4.267,7159.704,96.58677169842305,74.75661648544407
4.205370410097838,0.0899910162296141,24.06873848039396,0.093,4.267,7166.985,96.59894499082719,74.75661648544407
4.205591683492735,0.0887822566165922,24.065944512382117,0.093,4.267,7174.282,96.6109811630267,74.75661648544407
4.205632066268351,0.089370673548813,24.06548677758613,0.093,4.267,7181.641,96.6232000514967,74.75661648544407
4.20549669589226,0.0941397164697455,24.07557979077825,0.093,4.267,7188.907,96.63590831309776,74.75661648544407
4.205529777624983,0.0884612946739203,24.076480805163225,0.093,4.267,7196.188,96.6478746765375,74.75661648544407
4.20568786593252,0.0928596290947459,24.069577228471985,0.093,4.267,7203.485,96.66046361636353,74.75661648544407
4.205406804425209,0.0915497398354509,24.0622065368786,0.092,4.267,7210.782,96.67287497506821,74.75661648544407
4.205626148686092,0.0913325437193218,24.075632897554343,0.092,4.267,7218.047,96.68520258939327,74.75661648544407
4.205584372994104,0.0904907353772634,24.07668846340948,0.092,4.267,7225.313,96.6974182618084,74.75661648544407
4.205749257910435,0.0905334955446773,24.069135012530744,0.092,4.267,7232.625,96.70971707878094,74.75661648544407
4.205663461964711,0.0899837840715158,24.05707936422367,0.092,4.267,7239.954,96.72196963886758,74.75661648544407
4.205706505638538,0.0911874053262619,24.06405170859775,0.092,4.267,7247.219,96.73427766313131,74.75661648544407
4.205976679984625,0.0884010710797922,24.064131807539667,0.092,4.267,7254.485,96.74621124418746,74.75661648544407
4.205904290982634,0.0904405792117964,24.06147123913457,0.092,4.267,7261.797,96.75849743863878,74.75661648544407
4.206133900510026,0.089666992431936,24.06439916963741,0.092,4.267,7269.11,96.77068020858542,74.75661648544407
4.205944577139042,0.0887380861686852,24.061994273239904,0.092,4.267,7276.375,96.78265763588225,74.75661648544407
4.20601871759558,0.092349181333292,24.06078717389706,0.092,4.267,7283.657,96.7951516384588,74.75661648544407
4.20609365466997,0.0876350790575671,24.055587312667644,0.092,4.267,7290.954,96.80703228829192,74.75661648544407
4.206041046260843,0.0905397617277818,24.054155859884897,0.092,4.267,7298.282,96.81935887044932,74.75661648544407
4.206167159585881,0.0905095566373731,24.0472457852764,0.092,4.267,7305.547,96.83157540205482,74.75661648544407
4.206291999364289,0.0909344912374903,24.04919444138395,0.092,4.267,7312.829,96.84387800995472,74.75661648544407
4.206200539057552,0.0902644190801897,24.045129145059207,0.092,4.267,7320.125,96.85611344127413,74.75661648544407
4.206305174614147,0.0928623385389596,24.04319833060006,0.092,4.267,7327.454,96.8687579571108,74.75661648544407
4.206463423448243,0.0894951785265211,24.044823211398796,0.091,4.267,7334.735,96.88086417640478,74.75661648544407
4.2063173553920326,0.0899310376885751,24.036884237529563,0.091,4.267,7342.032,96.89305608835825,74.75661648544407
4.206411110660612,0.089027771414722,24.03428471117424,0.091,4.267,7349.329,96.90512554489294,74.75661648544407
4.20630503496933,0.088422385103762,24.037587190993023,0.091,4.267,7356.657,96.91716385572717,74.75661648544407
4.20632915067196,0.0899274723429352,24.034298866945047,0.091,4.267,7363.922,96.92930182047802,74.75661648544407
4.206340983022029,0.0886032894489749,24.027648789387456,0.091,4.267,7371.188,96.94126269972493,74.75661648544407
4.20664655638724,0.0903987800976449,24.02974065844,0.091,4.267,7378.516,96.95357008786621,74.75661648544407
4.205152113344199,0.0806785005221206,24.0228081057668,0.081,4.261,7385.875,96.96460056979794,74.75661648544407
4.205273701804022,0.0805273979777638,24.026680342902186,0.083,4.261,7393.141,96.97547125517846,74.75661648544407
4.205067718102719,0.0797899050152279,24.03454390560021,0.083,4.261,7400.422,96.98626461973134,74.75661648544407
4.2052518417357145,0.0798857886876001,24.028012737312785,0.081,4.261,7407.704,96.9970724388726,74.75661648544407
4.205386104379225,0.0785991194018572,24.02652935189904,0.083,4.261,7415.0,97.00772662727826,74.75661648544407
4.20546485041884,0.0823384572821803,24.023428987965872,0.081,4.261,7422.266,97.01884179411971,74.75661648544407
4.20536860421821,0.0821873564794539,24.02283410304976,0.083,4.261,7429.547,97.02995946746385,74.75661648544407
4.20521201378444,0.0805884593106936,24.02938230335913,0.081,4.261,7436.829,97.04086235153639,74.75661648544407
4.205562953976175,0.0810204529776105,24.023522118993014,0.081,4.261,7444.125,97.05184475410404,74.75661648544407
4.205377469457205,0.0792195837775844,24.02683559336293,0.081,4.261,7451.391,97.0625388929046,74.75661648544407
4.205212163482525,0.0814581473645669,24.02610226103001,0.083,4.261,7458.657,97.073535223519,74.75661648544407
4.205241660057048,0.0806276759650562,24.022137523013352,0.081,4.261,7465.954,97.08446588274016,74.75661648544407
4.205270289815282,0.0791403303586086,24.027575739860637,0.081,4.261,7473.25,97.0951934328265,74.75661648544407
4.205350615718624,0.0808058275643882,24.02847640365315,0.081,4.261,7480.579,97.10619628481588,74.75661648544407
4.205440353520258,0.0792762212924354,24.02477961012598,0.081,4.261,7487.844,97.11689659646213,74.75661648544407
4.20570344410736,0.0802486665920124,24.0212837193354,0.081,4.261,7495.125,97.127752018752,74.75661648544407
4.2052244665018685,0.0792289230335625,24.016698867439057,0.081,4.261,7502.422,97.13849304964212,74.75661648544407
4.205476814715074,0.0771315750169277,24.02525598214814,0.081,4.261,7509.719,97.14894974396712,74.75661648544407
4.205370354511082,0.0775763961560148,24.025159081516737,0.081,4.261,7516.969,97.15939900248118,74.75661648544407
4.205572417947094,0.0818895877710666,24.01870791879776,0.081,4.261,7524.25,97.17047639596508,74.75661648544407
4.205551076426504,0.0794377095008565,24.01826498201087,0.081,4.261,7531.532,97.18122359407612,74.75661648544407
4.205492491098864,0.0787883132854777,24.019624496094767,0.081,4.261,7538.829,97.1919048916929,74.75661648544407
4.205824257967191,0.0772684072865286,24.021090772938265,0.081,4.261,7546.172,97.20244617183825,74.75661648544407
4.205636195960239,0.0791632660833323,24.01802040689412,0.081,4.261,7553.438,97.21313270810909,74.75661648544407
4.205813111837005,0.0771506853119737,24.010116716928803,0.081,4.261,7560.719,97.22356905932314,74.75661648544407
4.205553999090847,0.0798021521926174,24.01457705053001,0.081,4.261,7568.0,97.23436408057997,74.75661648544407
4.205873177598074,0.0770581360667725,24.00795995783497,0.081,4.261,7575.313,97.2448337251923,74.75661648544407
4.205886032928813,0.0817759498367929,24.015911328712104,0.081,4.261,7582.579,97.25587295711449,74.75661648544407
4.205724502376844,0.0797530714174075,24.00750124833492,0.081,4.261,7589.844,97.26663763162848,74.75661648544407
4.20601863103561,0.0797996410800254,24.020253034541494,0.08,4.261,7597.141,97.27745603451777,74.75661648544407
4.20607113060406,0.0777265160088961,24.011642574493788,0.081,4.261,7604.438,97.2879933847362,74.75661648544407
4.206173086118527,0.0815621918933582,24.01315795872616,0.08,4.261,7611.688,97.29897951544473,74.75661648544407
4.206064293922609,0.0770529797032555,24.016004360637687,0.081,4.261,7618.969,97.30940264979567,74.75661648544407
4.206090836408683,0.0820544746483294,24.019927056760043,0.08,4.261,7626.266,97.32052673949832,74.75661648544407
4.206057246383862,0.0769717155849612,24.018630736466907,0.08,4.261,7633.563,97.33096176174914,74.75661648544407
4.206130710011964,0.0748842431882455,24.017308101861666,0.08,4.261,7640.891,97.34115691532963,74.75661648544407
4.206038969426916,0.0780232343609786,24.01428320242581,0.08,4.261,7648.157,97.35168955458545,74.75661648544407
4.206147155737826,0.0779392890276077,24.01260889526184,0.08,4.261,7655.438,97.36223258204369,74.75661648544407
4.20594701885675,0.0775354309029719,24.005733072376252,0.08,4.261,7662.719,97.3727209786816,74.75661648544407
4.206309046502893,0.0772170394764916,23.99475072591355,0.08,4.261,7670.016,97.38318925938647,74.75661648544407
4.206088259870793,0.0800964449904723,24.00588497323261,0.08,4.261,7677.282,97.39400176886096,74.75661648544407
4.206204910517597,0.0798914982380085,24.002186103291848,0.08,4.261,7684.563,97.40480887616349,74.75661648544407
4.206340833594743,0.0785416298613038,24.00501135602877,0.08,4.261,7691.844,97.41543338365611,74.75661648544407
4.206558615306351,0.0761580679337412,24.00640905872444,0.08,4.261,7699.141,97.42575810004612,74.75661648544407
4.2050816033568905,0.0698184155693119,24.002881302090508,0.07,4.256,7706.438,97.4352233525021,74.75661648544407
4.204876357413959,0.0730485685231936,24.00275789591798,0.072,4.256,7713.704,97.44508444358235,74.75661648544407
4.204910090794895,0.0675747275471878,23.99708264607032,0.072,4.256,7721.0,97.4542442647639,74.75661648544407
4.205033846244559,0.0669600863262148,24.002522940729627,0.072,4.256,7728.344,97.46338048457477,74.75661648544407
4.205052643207475,0.0696948327452487,23.997245870753144,0.072,4.256,7735.594,97.47276812515278,74.75661648544407
4.205128039409557,0.0707348671862087,24.00026819132173,0.072,4.256,7742.875,97.48233659384557,74.75661648544407
4.2050667411523,0.069527182267026,23.99255140349733,0.07,4.256,7750.172,97.49176236392852,74.75661648544407
4.204792854968044,0.0715137611792406,23.997820316583805,0.07,4.256,7757.5,97.50149864151241,74.75661648544407
4.205149214624066,0.0689938887760028,24.00327222120771,0.072,4.256,7764.782,97.51083288586292,74.75661648544407
4.205079580815896,0.0681818648539997,24.00549505978654,0.072,4.256,7772.047,97.52003573623429,74.75661648544407
4.205458679288505,0.0679294741550796,23.999269273223334,0.072,4.256,7779.344,97.52924490571827,74.75661648544407
4.205281908206862,0.0693042246895882,23.999232436389654,0.07,4.256,7786.688,97.53870096626606,74.75661648544407
4.205012522246469,0.0704824973239552,23.99682819422001,0.07,4.256,7793.954,97.5482156540926,74.75661648544407
4.205315990576087,0.0683822726639839,23.99357695688357,0.07,4.256,7801.235,97.55746588189616,74.75661648544407
4.20514539839661,0.0688319963942062,23.987483728095096,0.07,4.256,7808.516,97.56677694486639,74.75661648544407
4.205237198429372,0.0683301777888852,23.998186655517245,0.07,4.256,7815.86,97.5761001037547,74.75661648544407
4.205221436875777,0.0716678204635962,23.995226647288483,0.07,4.256,7823.11,97.58575349860509,74.75661648544407
4.205182374985438,0.069597985300882,23.99080968297326,0.07,4.256,7830.391,97.5951681786621,74.75661648544407
4.205322481188996,0.0701809229546227,23.993503851410537,0.07,4.256,7837.672,97.60466171404056,74.75661648544407
4.2054741106397415,0.0688852669436202,23.98791371549943,0.07,4.256,7845.0,97.61404013393269,74.75661648544407
4.2053793512269015,0.069029266779567,23.987919792672944,0.07,4.256,7852.313,97.62341892153282,74.75661648544407
4.205459085025867,0.0671491602481162,23.989993062387484,0.07,4.256,7859.579,97.63248363010351,74.75661648544407
4.205600729799604,0.0697331689258415,23.99868264568309,0.07,4.256,7866.86,97.64191659676136,74.75661648544407
4.20529423117056,0.0676443419718309,23.99284202098859,0.07,4.256,7874.157,97.65108711099836,74.75661648544407
4.205379112515556,0.0688541838534337,23.998142193217813,0.07,4.256,7881.485,97.66046129906728,74.75661648544407
4.205612640930536,0.072610256904512,23.992402166635863,0.07,4.256,7888.75,97.67026187186106,74.75661648544407
4.20521891354162,0.0673911379100322,23.991664412563345,0.07,4.256,7896.016,97.67935924587354,74.75661648544407
4.205438684661269,0.0715111083239354,23.997074369207663,0.07,4.256,7903.344,97.6890951622831,74.75661648544407
4.20551908233831,0.068544014755815,23.995389806781564,0.07,4.256,7910.672,97.69842712222162,74.75661648544407
4.205423336145128,0.06919353372615,23.99631344038462,0.07,4.256,7917.922,97.70774723964435,74.75661648544407
4.205762477347243,0.0648710840912544,23.99858063858628,0.07,4.256,7925.204,97.7165237060957,74.75661648544407
4.2056348825861045,0.0684785765153151,23.99311336440558,0.07,4.256,7932.485,97.72578696114344,74.75661648544407
4.205772844830829,0.0653317984759206,23.995829559241315,0.07,4.256,7939.813,97.73468159225399,74.75661648544407
4.20573590949032,0.0707098013812775,23.995965008892437,0.069,4.256,7947.141,97.74430841432009,74.75661648544407
4.205709029245413,0.0687176451537927,23.992420572775924,0.07,4.256,7954.407,97.75358485835424,74.75661648544407
4.205654995499153,0.0674686612805527,23.993110404975774,0.069,4.256,7961.688,97.76271149983799,74.75661648544407
4.205673972621098,0.0670216704484457,23.99528490406053,0.07,4.256,7968.985,97.77179759876539,74.75661648544407
4.205591944251238,0.0671902855973593,23.995466286177194,0.069,4.256,7976.313,97.7809452545554,74.75661648544407
4.205711859044452,0.0671225358017826,23.9979188795491,0.069,4.256,7983.579,97.79000636899555,74.75661648544407
4.205838321816924,0.0669897227904424,23.990366035403333,0.069,4.256,7990.844,97.79904830993658,74.75661648544407
4.206001804694077,0.0692663761165325,23.99005996182008,0.069,4.256,7998.172,97.80847861613191,74.75661648544407
4.205801325216526,0.0660205624353929,23.986749703557628,0.069,4.256,8005.5,97.81746701936392,74.75661648544407
4.205946035356375,0.0669177316818975,23.990594310006266,0.069,4.256,8012.766,97.82650048655347,74.75661648544407
4.206015180225353,0.069508851096627,23.98378757981642,0.069,4.256,8020.047,97.83590310922101,74.75661648544407
4.205909962166962,0.0681241835418607,23.979109172183097,0.069,4.256,8027.344,97.8451386753725,74.75661648544407
4.205841440443895,0.0665014839687278,23.98293327723565,0.069,4.256,8034.672,97.85419255391257,74.75661648544407
4.206068697360611,0.0665328031239537,23.979862404196467,0.069,4.256,8042.0,97.86325069641504,74.75661648544407
4.206233162038046,0.0688670157442236,23.984316582133577,0.069,4.256,8049.266,97.8725473045267,74.75661648544407
4.206024330598636,0.0670011256083771,23.988203424140757,0.069,4.256,8056.547,97.8816107013813,74.75661648544407
4.206094512091211,0.0675257487135897,23.986780770960568,0.069,4.256,8063.844,97.89076513798148,74.75661648544407
4.205959185948678,0.067447843408054,23.98607868662628,0.069,4.256,8071.172,97.89994785911132,74.75661648544407
4.205913273938924,0.067285378280112,23.98276402700645,0.069,4.256,8078.438,97.90903095624796,74.75661648544407
4.206214049381275,0.0654367430182849,23.98296855779935,0.069,4.256,8085.719,97.91788273546005,74.75661648544407
4.206139509152937,0.0663540091093027,23.98193755031688,0.069,4.256,8093.047,97.92691653595999,74.75661648544407
4.206022090497143,0.0655415908228653,23.979223268678528,0.069,4.256,8100.391,97.93585921231191,74.75661648544407
4.206467137515426,0.0688209268506797,23.96989274939987,0.069,4.256,8107.657,97.94514959871674,74.75661648544407
4.20613363476027,0.0670485538607461,23.975694339217075,0.069,4.256,8114.938,97.95421941130047,74.75661648544407
4.206427519191785,0.0655059530337491,23.98032209543139,0.069,4.256,8122.235,97.96310002507234,74.75661648544407
4.206523763058702,0.0667179154681239,23.972071379969023,0.068,4.256,8129.563,97.97218336978958,74.75661648544407
4.206379126573038,0.0678365742955856,23.978083738404788,0.068,4.256,8136.891,97.98141901488489,74.75661648544407
4.206310462834808,0.063614578169591,23.97849779432918,0.068,4.256,8144.172,97.99002430565356,74.75661648544407
4.206665186616031,0.065502043358672,23.97268386904269,0.068,4.256,8151.454,97.99888613514331,74.75661648544407
4.205140523411678,0.0567635088176611,23.97382935950856,0.06,4.25,8158.797,98.00663005105271,74.75661648544407
4.205155351223204,0.0578120786214847,23.96651274501871,0.06,4.25,8166.125,98.01450090605852,74.75661648544407
4.205366408431478,0.0576740964257052,23.97204687715143,0.06,4.25,8173.391,98.02228654141484,74.75661648544407
4.205427713581089,0.059166162303798,23.972097463175125,0.06,4.25,8180.672,98.03029008470541,74.75661648544407
4.204997556141938,0.0588894168779664,23.971624746602984,0.06,4.25,8187.969,98.0382736975272,74.75661648544407
4.204993427399752,0.0591947227220801,23.96236700540204,0.06,4.25,8195.282,98.0463162968095,74.75661648544407
4.2052006068488215,0.0560776530901264,23.96485453586683,0.06,4.25,8202.61,98.05395101756443,74.75661648544407
4.204846443533644,0.0596075983018236,23.95682619469701,0.06,4.25,8209.875,98.06199655591018,74.75661648544407
4.205072908690641,0.0573837966246951,23.963660755574374,0.06,4.25,8217.141,98.06974300264399,74.75661648544407
4.205288317956924,0.0577884199936822,23.958323764363225,0.06,4.25,8224.422,98.07756017555336,74.75661648544407
4.205079174504279,0.0600222541423138,23.965919065154903,0.06,4.25,8231.75,98.0857319360356,74.75661648544407
4.204998620348668,0.0585466875374196,23.9633130614687,0.06,4.25,8239.079,98.09370389247562,74.75661648544407
4.205257324643495,0.0569699494239644,23.96220251523314,0.06,4.25,8246.344,98.10139341404171,74.75661648544407
4.205179799346259,0.0577989301470479,23.962332445963973,0.06,4.25,8253.641,98.1092291900482,74.75661648544407
4.205268984102097,0.0575790613553251,23.95332678160913,0.06,4.25,8260.922,98.1170180425315,74.75661648544407
4.205289877862619,0.0553008800736388,23.96490447447941,0.06,4.25,8268.266,98.1245634479186,74.75661648544407
4.205110692773365,0.0565238003918446,23.963122912566444,0.06,4.25,8275.532,98.13219380064328,74.75661648544407
4.205378713095056,0.0581833448611346,23.95775010142049,0.06,4.25,8282.813,98.1400643959507,74.75661648544407
4.20521930004307,0.0564865284955617,23.962063949067296,0.06,4.25,8290.094,98.14770545899322,74.75661648544407
4.205282949284532,0.0569391781266846,23.96124807651832,0.06,4.25,8297.422,98.15545747251481,74.75661648544407
4.205409862343972,0.0562677678996332,23.96488033286411,0.06,4.25,8304.75,98.16311807654769,74.75661648544407
4.205426022770582,0.0551725198785447,23.953003751016738,0.06,4.25,8312.016,98.17056601501723,74.75661648544407
4.205394086104936,0.0580403959058189,23.9591105745068,0.06,4.25,8319.297,98.17841727328964,74.75661648544407
4.205397060806173,0.0574032644273536,23.963485775404877,0.06,4.25,8326.594,98.18619940906531,74.75661648544407
4.205234606374656,0.0582388239149076,23.960127199829348,0.06,4.25,8333.938,98.19414567565495,74.75661648544407
4.205638178401859,0.0569759838356603,23.957654273595757,0.06,4.25,8341.266,98.20190270010859,74.75661648544407
4.205361696309258,0.055384983039498,23.955334359900327,0.06,4.25,8348.532,98.20937931975044,74.75661648544407
4.205505432299585,0.0585752681575254,23.96406505463909,0.06,4.25,8355.813,98.21730293142645,74.75661648544407
4.205286888975168,0.0591933245560847,23.96033736045632,0.06,4.25,8363.11,98.22532774488096,74.75661648544407
4.205558113090911,0.0576645340688172,23.964460562721214,0.06,4.25,8370.438,98.23317851235818,74.75661648544407
4.205388666421165,0.0597274890005392,23.970747243785645,0.06,4.25,8377.704,98.24124134262215,74.75661648544407
4.2053866435834495,0.0580713274849559,23.97395331528663,0.058,4.25,8384.985,98.24909678508062,74.75661648544407
4.205838411908155,0.054681604811914,23.97875330033307,0.058,4.25,8392.282,98.25650994663727,74.75661648544407
4.205646748202551,0.0558968205588141,23.963021853840196,0.058,4.25,8399.61,98.26412004785476,74.75661648544407
4.205495651122245,0.0571349724761609,23.971511136128274,0.058,4.25,8406.875,98.27183184341499,74.75661648544407
4.205412086083721,0.0565076390250899,23.965792852643386,0.058,4.25,8414.157,98.27947681197217,74.75661648544407
4.205710972085851,0.0564824097235593,23.96688091049526,0.058,4.25,8421.454,98.28713410787323,74.75661648544407
4.205697381068108,0.0573632355517107,23.95856172005133,0.058,4.25,8428.782,98.29494385490977,74.75661648544407
4.205683176993221,0.0567976123631575,23.965578838099145,0.058,4.25,8436.11,98.3026765948881,74.75661648544407
4.20590619760422,0.0571630483608824,23.954913889773117,0.058,4.25,8443.375,98.31039217999216,74.75661648544407
4.205871489072771,0.0580599677647394,23.954440973094368,0.058,4.25,8450.657,98.31824716448013,74.75661648544407
4.205624837724119,0.0550573098437835,23.95373092670368,0.058,4.25,8457.954,98.32571126020572,74.75661648544407
4.205941823064236,0.0574064901074475,23.951698015348548,0.058,4.25,8465.282,98.33352689615587,74.75661648544407
4.205752193670205,0.056001188301046,23.95692368431424,0.058,4.25,8472.735,98.34128126099469,74.75661648544407
4.205807377851299,0.057857644100638,23.9644225825015,0.058,4.25,8480.063,98.34915831953596,74.75661648544407
4.205710334463071,0.0595118633530713,23.95215431600289,0.058,4.25,8487.407,98.35727828315576,74.75661648544407
4.205796389929114,0.0568851254862272,23.954958168701733,0.058,4.25,8494.735,98.36502293765297,74.75661648544407
4.20599913178387,0.0554010651511904,23.94692395572384,0.058,4.25,8502.079,98.3725820125698,74.75661648544407
4.205681350890888,0.0565297861003296,23.95028889455673,0.058,4.25,8509.407,98.3802782892046,74.75661648544407
4.205895479641388,0.0572754874478154,23.95295946141429,0.058,4.25,8516.766,98.38810907715101,74.75661648544407
4.2058346314960575,0.0542704040949202,23.949794373436205,0.058,4.25,8524.094,98.39549774906737,74.75661648544407
4.205957770864315,0.0593723277259724,23.956638965929827,0.058,4.25,8531.438,98.4035986740594,74.75661648544407
4.206047054674099,0.0577716004132133,23.952156666246005,0.058,4.25,8538.766,98.41146401813883,74.75661648544407
4.205971546884367,0.0560430227901601,23.95653037714073,0.058,4.25,8546.11,98.41911068353562,74.75661648544407
4.206017205070929,0.0555179308217972,23.945053674266504,0.058,4.25,8553.469,98.4267011757839,74.75661648544407
4.206120203896937,0.0571049952159343,23.95263059252916,0.058,4.25,8560.813,98.43449273964254,74.75661648544407
4.206066076847946,0.0550024680528285,23.946067155309933,0.058,4.25,8568.141,98.4419810787808,74.75661648544407
4.206256232591406,0.0548242656694996,23.94224291023712,0.058,4.25,8575.485,98.44946145357729,74.75661648544407
4.206048019972888,0.0549291794859858,23.942203783084192,0.058,4.25,8582.844,98.45697145088666,74.75661648544407
4.206126775304992,0.0532105522398141,23.935245084181137,0.057,4.25,8590.204,98.46424746356801,74.75661648544407
4.206133078008251,0.0543655952612823,23.94771058886122,0.058,4.25,8597.563,98.47168040682249,74.75661648544407
4.206154327501909,0.0560030531182691,23.942704723772177,0.057,4.25,8604.907,98.47932161864642,74.75661648544407
4.206120368929133,0.0565809714873673,23.936997268516343,0.057,4.25,8612.204,98.48699227652324,74.75661648544407
4.206236490154332,0.0558889413732205,23.944755838260964,0.057,4.25,8619.5,98.49456807782629,74.75661648544407
4.206336218905108,0.0525785780035,23.946961954490053,0.057,4.25,8626.797,98.50169613294646,74.75661648544407
4.206369827576298,0.0551745455804372,23.94937057557508,0.057,4.25,8634.11,98.50919252350764,74.75661648544407
4.206392575313154,0.0571840836422845,23.946742281017112,0.057,4.25,8641.469,98.51701081459284,74.75661648544407
4.206508401528692,0.0563116065328587,23.94429041349605,0.057,4.25,8648.813,98.52469412630006,74.75661648544407
4.206376560447342,0.0540792976258866,23.945993151996195,0.057,4.25,8656.172,98.53208792652542,74.75661648544407
4.206500785752386,0.0521764637204505,23.947938503646537,0.057,4.25,8663.516,98.53920702788353,74.75661648544407
4.206290343992563,0.0551935281942939,23.94254417501528,0.057,4.25,8670.829,98.54670599755228,74.75661648544407
4.20653940255599,0.0584512236751489,23.94213737743154,0.057,4.25,8678.125,98.55462911875664,74.75661648544407
4.206406284797845,0.0546975210157682,23.940699698245886,0.057,4.25,8685.422,98.56204443806615,74.75661648544407
4.206544333928482,0.0565336483702723,23.94533322367732,0.057,4.25,8692.735,98.56972548561397,74.75661648544407
4.206586817976973,0.0535229092569186,23.939859150647347,0.057,4.25,8700.063,98.57701238946339,74.75661648544407
4.205265326286043,0.0476615606030065,23.941652417553627,0.047,4.245,8707.36,98.58347384665738,74.75661648544407
4.205318563058197,0.04329554294162,23.94415334414358,0.049,4.245,8714.657,98.58934340472197,74.75661648544407
4.205147656412757,0.0445997495472767,23.93597721730668,0.049,4.245,8721.969,98.59540220266636,74.75661648544407
4.205205426082762,0.0451399113913134,23.94106162167476,0.049,4.245,8729.266,98.6015218009654,74.75661648544407
4.205245087128631,0.0467917997410847,23.93825408899694,0.049,4.245,8736.61,98.60790620384233,74.75661648544407
4.205273217121635,0.0452489953863866,23.93576267759436,0.049,4.245,8744.0,98.61411877314809,74.75661648544407
4.205032354560494,0.0453149919105883,23.932944230069936,0.049,4.245,8751.266,98.62023600818178,74.75661648544407
4.205406923438449,0.046284585335437,23.938992591945517,0.049,4.245,8758.547,98.6264970308338,74.75661648544407
4.205352490722452,0.0472962586244923,23.94089174295247,0.049,4.245,8765.86,98.63292302352666,74.75661648544407
4.205197123326658,0.0482363190183102,23.93566403776927,0.049,4.245,8773.204,98.63950452061839,74.75661648544407
4.204960393301326,0.0466543978609793,23.934840659930185,0.049,4.245,8780.469,98.64580170013379,74.75661648544407
4.205069718548356,0.0466485558496902,23.940073084804173,0.049,4.245,8787.75,98.65211195791709,74.75661648544407
4.205109508058774,0.0455575641375626,23.94146973679432,0.049,4.245,8795.063,98.65830171970305,74.75661648544407
4.205301023254842,0.0456143750485412,23.933519250228898,0.049,4.245,8802.391,98.66451191211868,74.75661648544407
4.205101685234855,0.0463809974415827,23.932194095147043,0.049,4.245,8809.672,98.67078597665878,74.75661648544407
4.205320427426015,0.0452415123063325,23.930892532258397,0.049,4.245,8816.954,98.67690674094885,74.75661648544407
4.205278399620887,0.0438636277241976,23.928646087410577,0.047,4.245,8824.235,98.68284027507886,74.75661648544407
4.205348529087715,0.0459112728082553,23.936524886529597,0.049,4.245,8831.547,98.68907724116362,74.75661648544407
4.205206230318798,0.0461547438817225,23.92296593991045,0.049,4.245,8838.813,98.69530783736013,74.75661648544407
4.2053270527057,0.0458327043484425,23.930112585248025,0.049,4.245,8846.11,98.70152135730127,74.75661648544407
4.205512381879829,0.0429616539592866,23.929712114243213,0.049,4.245,8853.407,98.70734565018068,74.75661648544407
4.2054335422680245,0.0465264860661181,23.92671356878857,0.049,4.245,8860.719,98.71366619191015,74.75661648544407
4.205361317064623,0.0468399006835613,23.930280382025025,0.047,4.245,8868.047,98.72004323414001,74.75661648544407
4.205403963318778,0.0455825616752659,23.92120161300637,0.047,4.245,8875.329,98.72621013930143,74.75661648544407
4.205406734045075,0.044993141090852,23.92808130563355,0.047,4.245,8882.61,98.73229646531072,74.75661648544407
4.2054319746873,0.0461490211341875,23.922119378081828,0.049,4.245,8889.891,98.73853914988044,74.75661648544407
4.205572440495798,0.047325082580585,23.92553085084773,0.047,4.245,8897.204,98.74496905879285,74.75661648544407
4.205334665102818,0.0473391598286851,23.91798463096083,0.047,4.245,8904.547,98.75142726549237,74.75661648544407
4.205475164427866,0.0465270206757986,23.9236031626842,0.047,4.245,8911.875,98.7577617105136,74.75661648544407
4.205574988191311,0.0440380412321712,23.922984075063937,0.047,4.245,8919.157,98.76371965613563,74.75661648544407
4.205656614150217,0.0464660467293595,23.929832812683014,0.047,4.245,8926.438,98.7700052254891,74.75661648544407
4.20536553823796,0.0459166861727714,23.925473945679208,0.047,4.245,8933.719,98.77621648157253,74.75661648544407
4.205347690881152,0.046979111650666,23.9308157876774,0.047,4.245,8941.047,98.78261247675071,74.75661648544407
4.205346121309721,0.0467474990769383,23.930454638151264,0.047,4.245,8948.375,98.7889769389166,74.75661648544407
4.205439161753146,0.0456913611156673,23.93046948759709,0.047,4.245,8955.641,98.7951449813937,74.75661648544407
4.20569347508168,0.0453545305880194,23.91779415448977,0.047,4.245,8962.922,98.8012801933941,74.75661648544407
4.205548580305201,0.0461163522393837,23.923460509786853,0.047,4.245,8970.235,98.80754587594765,74.75661648544407
4.205693804130059,0.0453964904183444,23.918183294098554,0.047,4.245,8977.547,98.8137129097454,74.75661648544407
4.205474534788139,0.0421917530235166,23.921735143032453,0.047,4.245,8984.891,98.81946966949553,74.75661648544407
4.205399770266501,0.0498706323632091,23.91873269491945,0.047,4.245,8992.219,98.82625933223969,74.75661648544407
4.205824058795624,0.0455568193113234,23.92135469420172,0.047,4.245,8999.5,98.83242190830245,74.75661648544407
4.205651176404538,0.0444696029823665,23.923297606449037,0.047,4.245,9006.782,98.83843824029607,74.75661648544407
4.205512084428214,0.0438236827495075,23.92554341804709,0.047,4.245,9014.079,98.8443793980464,74.75661648544407
4.205574115418359,0.0437171249936073,23.92009924187476,0.047,4.245,9021.375,98.85030529759567,74.75661648544407
4.205785655513731,0.044134642490938,23.91931669204542,0.047,4.245,9028.719,98.85632715057099,74.75661648544407
4.205782468976854,0.0463159518243614,23.920909194076017,0.047,4.245,9035.985,98.8625795088121,74.75661648544407
4.205626799325482,0.0462517062126904,23.92264633281845,0.047,4.245,9043.266,98.86883608382934,74.75661648544407
4.2057096602837465,0.0468839359391475,23.920130657581275,0.047,4.245,9050.547,98.87517818202043,74.75661648544407
4.20581312830976,0.0454826588232897,23.913985257514977,0.047,4.245,9057.86,98.88135776665885,74.75661648544407
4.205842537449636,0.0448004257778465,23.91266957479713,0.047,4.245,9065.188,98.88745714353483,74.75661648544407
4.205799578639059,0.0433222164130689,23.90739753130913,0.047,4.245,9072.532,98.8933681468438,74.75661648544407
4.205874496175976,0.0431200448160415,23.906142884996456,0.047,4.245,9079.797,98.89918827689301,74.75661648544407
4.205943063341093,0.0463001633276544,23.90824472233165,0.047,4.245,9087.079,98.90545226701788,74.75661648544407
4.205933299725222,0.0447181731182273,23.907579518792318,0.047,4.245,9094.375,98.91151385963093,74.75661648544407
4.20592215822748,0.0428381533098209,23.913202022093436,0.047,4.245,9101.704,98.9173468778002,74.75661648544407
4.20588637578276,0.0464572087453199,23.908864773539506,0.047,4.245,9109.032,98.92367181824046,74.75661648544407
4.205790680206702,0.0468813620723762,23.906741542454128,0.047,4.245,9116.313,98.93001356825867,74.75661648544407
4.205815655829767,0.0471259542605572,23.904124339100168,0.047,4.245,9123.61,98.93640241353206,74.75661648544407
4.205934860940435,0.044347591519998,23.90127019078809,0.047,4.245,9130.922,98.9424269562496,74.75661648544407
4.206027861077475,0.0464453750294205,23.899709372655288,0.047,4.245,9138.235,98.94873734208639,74.75661648544407
4.2060401563025565,0.0454921295732169,23.90880279870952,0.047,4.245,9145.579,98.95494441436254,74.75661648544407
4.206133386096289,0.0420079659173357,23.904327877699743,0.047,4.245,9152.86,98.96062692883834,74.75661648544407
4.205675618894014,0.0474108243832246,23.904126883063043,0.046,4.245,9160.125,98.96702620705865,74.75661648544407
4.205762897076155,0.044248254861274,23.902200898594455,0.047,4.245,9167.438,98.97303807714478,74.75661648544407
4.206209602340524,0.043201899171618,23.89446401462802,0.046,4.245,9174.782,98.97893266403578,74.75661648544407
4.20610936133552,0.0444157269278763,23.90015205474134,0.046,4.245,9182.032,98.98491530096861,74.75661648544407
4.206301559406137,0.0446993257352897,23.901346414286767,0.046,4.245,9189.313,98.99096188189682,74.75661648544407
4.206154016569048,0.0442487147081215,23.9048892305534,0.046,4.245,9196.625,98.99697299237248,74.75661648544407
4.205942113604722,0.0433149804590577,23.897128436601168,0.046,4.245,9203.954,99.00287093727668,74.75661648544407
4.206165686449723,0.044611731586258,23.898061618792568,0.046,4.245,9211.235,99.00890566914225,74.75661648544407
4.206183392920794,0.0430263711374433,23.90240980826223,0.046,4.245,9218.516,99.01472594564194,74.75661648544407
4.206280231394394,0.0442937414684871,23.895325851551604,0.046,4.245,9225.813,99.02073082904987,74.75661648544407
4.206219255654581,0.0446178205094915,23.89418173128464,0.046,4.245,9233.157,99.02681860817354,74.75661648544407
4.2060495232934265,0.0445975407046276,23.89218016138021,0.046,4.245,9240.438,99.03285142040579,74.75661648544407
4.206065777175805,0.0450269340693466,23.90155342187112,0.046,4.245,9247.704,99.03892976946722,74.75661648544407
4.206323307441092,0.0439035697661597,23.90170608214868,0.046,4.245,9255.032,99.04490704342287,74.75661648544407
4.206227962047039,0.0466250524843407,23.89728356110093,0.046,4.245,9262.36,99.05125483503481,74.75661648544407
4.206222744706719,0.0455824018751767,23.89544274049056,0.046,4.245,9269.641,99.05742087171,74.75661648544407
4.206314839124319,0.0441174807070068,23.895076486167454,0.046,4.245,9276.907,99.0633764503651,74.75661648544407
4.206423521517648,0.0450894975576119,23.892640550276067,0.046,4.245,9284.25,99.0695277487037,74.75661648544407
4.206397768620096,0.0432396529154676,23.89813677672324,0.046,4.245,9291.579,99.07541543670148,74.75661648544407
4.20628220119704,0.044044901855462,23.8997287464396,0.046,4.245,9298.844,99.08136039937247,74.75661648544407
4.2063771809582935,0.0448378399263269,23.899097106322863,0.046,4.245,9306.125,99.08742571743491,74.75661648544407
4.206395014351827,0.0441970160211463,23.894460635826388,0.046,4.245,9313.438,99.09343062586228,74.75661648544407
4.206449098536604,0.0431104034281778,23.897350842322997,0.046,4.245,9320.766,99.09929991378128,74.75661648544407
4.206345597983772,0.0443191754017542,23.90211274215945,0.046,4.245,9328.11,99.10534694493852,74.75661648544407
4.206624755980943,0.0442566783886585,23.904281490445097,0.046,4.245,9335.375,99.11132049215692,74.75661648544407
4.204970260485505,0.0379782306491464,23.90794257732972,0.036,4.24,9342.672,99.11646918448967,74.75661648544407
4.205083961714639,0.0341330526986212,23.8948708354601,0.036,4.24,9349.985,99.12110673413113,74.75661648544407
4.205064315608039,0.0343885903913931,23.89997334920629,0.036,4.24,9357.313,99.12578858635437,74.75661648544407
4.205074782417317,0.0359551741908247,23.89584057045024,0.036,4.24,9364.657,99.130694409999,74.75661648544407
4.205000297425901,0.0345565437123709,23.90762657162293,0.036,4.24,9372.0,99.13540875860431,74.75661648544407
4.2051764314171365,0.0340140668554193,23.903534476044516,0.036,4.24,9379.266,99.14000044079674,74.75661648544407
4.205019229224716,0.0374823808967478,23.900957777407708,0.036,4.24,9386.547,99.14507076894479,74.75661648544407
4.204931778119432,0.0360120846040784,23.899022245535544,0.036,4.24,9393.844,99.14995291170705,74.75661648544407
4.204983886280988,0.0348572720498122,23.89724979268155,0.036,4.24,9401.157,99.1546888587354,74.75661648544407
4.20499424316076,0.036234935971092,23.89041014165339,0.036,4.24,9408.5,99.15963218065096,74.75661648544407
4.204921769568852,0.0326474920891279,23.889540987985413,0.036,4.24,9415.829,99.16407759670706,74.75661648544407
4.204783910285185,0.0322170485141871,23.886191906219945,0.036,4.24,9423.157,99.16846380325103,74.75661648544407
4.205278999277213,0.03469034034556,23.893615046001067,0.036,4.24,9430.438,99.17315644563155,74.75661648544407
4.2050017949671705,0.033029648365222,23.89357351830549,0.036,4.24,9437.719,99.17762444237613,74.75661648544407
4.205111108626985,0.0341454586952491,23.897415333582327,0.036,4.24,9445.016,99.18225352746983,74.75661648544407
4.205054866455718,0.0341326948629978,23.892293478680493,0.036,4.24,9452.344,99.1869005406655,74.75661648544407
4.204973495534918,0.0387131571317911,23.889401876993155,0.036,4.24,9459.688,99.19218267114852,74.75661648544407
4.205002745852275,0.0339488629727386,23.89439585571676,0.036,4.24,9467.016,99.19680465645749,74.75661648544407
4.204912061667385,0.0355537794782627,23.89462692796377,0.036,4.24,9474.282,99.20160419003864,74.75661648544407
4.205001367968732,0.0345658506930015,23.897366618515186,0.036,4.24,9481.563,99.20627999241663,74.75661648544407
4.205214504989809,0.0348235719316154,23.892304319135,0.036,4.24,9488.86,99.21100100902899,74.75661648544407
4.204971238538566,0.035555458867219,23.896753139929423,0.036,4.24,9496.157,99.21582124723724,74.75661648544407
4.204961302167838,0.0361466442021364,23.888758557011016,0.036,4.24,9503.485,99.22074245059552,74.75661648544407
4.205090328312312,0.0354379219664887,23.891115628932667,0.036,4.24,9510.75,99.22552568575676,74.75661648544407
4.2049726659684135,0.0331513212692043,23.89691869838661,0.036,4.24,9518.032,99.23001075738787,74.75661648544407
4.205330640371103,0.0368124276423487,23.893056259066302,0.036,4.24,9525.313,99.2349904594134,74.75661648544407
4.205034377464074,0.0341416304281258,23.897667100217983,0.036,4.24,9532.61,99.23961902551056,74.75661648544407
4.2050248890555215,0.035718243354444,23.892423337180077,0.036,4.24,9539.938,99.24448190401635,74.75661648544407
4.2049067882162605,0.033358208311427,23.89876601832625,0.036,4.24,9547.204,99.24898504948632,74.75661648544407
4.2051677743615725,0.0354441299942762,23.90210090563753,0.036,4.24,9554.485,99.25377965873187,74.75661648544407
4.205103115532582,0.035159044706253,23.899973252197512,0.036,4.24,9561.782,99.25854615524347,74.75661648544407
4.205157497857322,0.0347678949308091,23.902942488159898,0.036,4.24,9569.094,99.26326931294,74.75661648544407
4.205076410772095,0.0338180372701819,23.89480089118148,0.036,4.24,9576.422,99.2678734869168,74.75661648544407
4.205147618577135,0.0337050053303805,23.89441036505184,0.036,4.24,9583.688,99.27242344777358,74.75661648544407
4.205200511734904,0.0329018252337581,23.89649006043619,0.036,4.24,9590.969,99.27687415358824,74.75661648544407
4.205104302797994,0.0342531266133746,23.895833432542943,0.036,4.24,9598.297,99.28153756302615,74.75661648544407
4.205049794011972,0.034697255393017,23.89445079641624,0.036,4.24,9605.594,99.2862414549599,74.75661648544407
4.205230034679188,0.0335970313356734,23.89641351891557,0.036,4.24,9612.922,99.29081553997075,74.75661648544407
4.205201029427129,0.0342779695271592,23.89140223905308,0.036,4.24,9620.266,99.29549252116139,74.75661648544407
4.205229037693381,0.0330820851117087,23.90362710250981,0.036,4.24,9627.532,99.29995839175962,74.75661648544407
4.20537586833147,0.0346881792141176,23.90328320887143,0.036,4.24,9634.813,99.30465074179892,74.75661648544407
4.204984795818046,0.0356209031014259,23.891513725428243,0.036,4.24,9642.11,99.30947985225374,74.75661648544407
4.205031323776344,0.034799823640345,23.89328683535078,0.036,4.24,9649.422,99.3142073474096,74.75661648544407
4.205165890521271,0.0332514959997071,23.893044150629574,0.036,4.24,9656.704,99.31870597176878,74.75661648544407
4.205270793219739,0.0302562916639742,23.89103700860789,0.036,4.24,9663.969,99.32278981613958,74.75661648544407
4.205082531291664,0.0364078588268529,23.888054633121367,0.036,4.24,9671.266,99.32772561384235,74.75661648544407
4.205246726925035,0.0374489590475918,23.88366004392646,0.036,4.24,9678.61,99.33283525363403,74.75661648544407
4.205200515312334,0.0338716448559764,23.88765914134292,0.036,4.24,9685.875,99.33740708046963,74.75661648544407
4.205343084512323,0.0337327775127855,23.889453989416594,0.036,4.24,9693.157,99.34197081783118,74.75661648544407
4.205392105328818,0.0362570120973821,23.89178182670978,0.036,4.24,9700.454,99.34688616530796,74.75661648544407
4.2049927962482085,0.0354041811900555,23.874193441815013,0.036,4.24,9707.782,99.35170628565982,74.75661648544407
4.20519363140436,0.0348499891613571,23.88315628456189,0.036,4.24,9715.047,99.35641016456341,74.75661648544407
4.205509307102437,0.0358063558842363,23.884527776183543,0.036,4.24,9722.329,99.36125443818031,74.75661648544407
4.205439031699651,0.0331426923667339,23.88316620298107,0.036,4.24,9729.61,99.36573772664782,74.75661648544407
4.205414673944687,0.0331943230117633,23.885218993135886,0.036,4.24,9736.938,99.37025698472799,74.75661648544407
4.205433336000591,0.0355223058388436,23.87854921583018,0.036,4.24,9744.266,99.37509318722054,74.75661648544407
4.205294639522799,0.0369838666760731,23.87360925000398,0.036,4.24,9751.532,99.38008577345686,74.75661648544407
4.205353974051992,0.0371672679093275,23.86540498879691,0.036,4.24,9758.829,99.38512452392108,74.75661648544407
4.2054653922242,0.0314535019284296,23.873823182712485,0.036,4.24,9766.125,99.38938807722948,74.75661648544407
4.205087152075133,0.0326011487156988,23.87310250597683,0.036,4.24,9773.391,99.39378902448013,74.75661648544407
4.20517321677045,0.0327909444918512,23.87431046913348,0.035,4.24,9780.672,99.398224731201,74.75661648544407
4.205142943631463,0.0332335061530715,23.88032909223432,0.036,4.24,9787.922,99.4027011636512,74.75661648544407
4.205168600086207,0.035264471215849,23.877640229581665,0.036,4.24,9795.141,99.40743084938329,74.75661648544407
4.2051039804743295,0.0309274770063716,23.8700973039448,0.035,4.24,9802.375,99.41158747456062,74.75661648544407
4.204991029688723,0.0345140472053955,23.87357390133284,0.036,4.24,9809.594,99.4162165131084,74.75661648544407
4.205327478228073,0.0366089366069464,23.876821288857677,0.036,4.24,9816.829,99.42113740151197,74.75661648544407
4.20500979747786,0.0334708547653775,23.867958603451,0.035,4.24,9824.063,99.42563585437951,74.75661648544407
4.20512768174332,0.034643697353923,23.8701564816909,0.035,4.24,9831.282,99.43028228165977,74.75661648544407
4.205224732768685,0.0327831674764932,23.87809533740804,0.035,4.24,9838.5,99.43467856481709,74.75661648544407
4.205267028828599,0.0338235238369288,23.86618183231303,0.035,4.24,9845.735,99.43922504449237,74.75661648544407
4.205140844745241,0.0353146701440612,23.8705438570578,0.035,4.24,9852.938,99.44395096525376,74.75661648544407
4.205168832849993,0.0354591618316926,23.862041380383697,0.035,4.24,9860.157,99.44870676297326,74.75661648544407
4.205304296092168,0.0354375438282791,23.87938180861955,0.035,4.24,9867.375,99.45345900288967,74.75661648544407
4.205264551128155,0.0357518910207855,23.869475723359493,0.035,4.24,9874.594,99.45825406157131,74.75661648544407
4.205226306713391,0.0363016002472667,23.880245675255537,0.035,4.24,9881.875,99.46316466279643,74.75661648544407
4.205343134379863,0.0346810119307176,23.87295627663386,0.035,4.24,9889.094,99.46781609472346,74.75661648544407
4.205343467969453,0.0343611370053761,23.8739099749203,0.035,4.24,9896.313,99.47242462489079,74.75661648544407
4.2053705545110205,0.0314794951626712,23.872621298361512,0.035,4.24,9903.532,99.47664666804047,74.75661648544407
4.205212386513002,0.0349705252239826,23.871245049804752,0.035,4.24,9910.766,99.4813466752729,74.75661648544407
4.205415836736302,0.0359382095501234,23.86882608559396,0.035,4.24,9918.047,99.48620811979997,74.75661648544407
4.205271860613657,0.033059479873831,23.86956937615311,0.035,4.24,9925.266,99.49064207116459,74.75661648544407
4.2054972788574805,0.0352380598591261,23.86563361243587,0.035,4.24,9932.5,99.49537803481209,74.75661648544407
4.205451659615743,0.0340667084326719,23.868407473661765,0.035,4.24,9939.735,99.49995720279708,74.75661648544407
4.205531002882496,0.0353496694511546,23.866677994258648,0.035,4.24,9946.954,99.50469831535236,74.75661648544407
4.205591311659691,0.0343437421524724,23.869904445937085,0.035,4.24,9954.188,99.509314083502,74.75661648544407
4.205500019536094,0.0352483423439623,23.867969796076004,0.035,4.24,9961.391,99.51403112806757,74.75661648544407
4.205604854610912,0.0343827128398037,23.87368612220181,0.035,4.24,9968.625,99.51865213384265,74.75661648544407
4.205569692731999,0.0343332456041198,23.885395054062226,0.035,4.24,9975.875,99.52327669719854,74.75661648544407
4.205252869299535,0.0334402944480972,23.87805816504853,0.035,4.24,9983.094,99.52776172357424,74.75661648544407
4.205414298572276,0.0333041032193172,23.868732890327216,0.035,4.24,9990.329,99.53223838393407,74.75661648544407
4.2054440056569256,0.034582539926799,23.865934966772013,0.035,4.24,9997.532,99.53686632871607,74.75661648544407
4.2055945451342,0.0335769729336935,23.866632357160185,0.035,4.24,10004.766,99.54137904377025,74.75661648544407
4.205420615076946,0.0352121250317509,23.87090821173177,0.035,4.24,10012.016,99.54612198898964,74.75661648544407
4.205671617349797,0.0360788132638505,23.870172562107197,0.035,4.24,10019.25,99.55097094914085,74.75661648544407
4.205447885530484,0.0358992393372898,23.867278353667807,0.035,4.24,10026.469,99.55578577024075,74.75661648544407
4.205550921453801,0.033430444540854,23.8712818881894,0.035,4.24,10033.688,99.56026947554275,74.75661648544407
4.205516848547506,0.0310716677676259,23.86638491617611,0.035,4.24,10040.922,99.56444547982912,74.75661648544407
4.20550587428164,0.0339684379252511,23.86840831181898,0.035,4.24,10048.188,99.56903100240685,74.75661648544407
4.205477775318682,0.0327537240428692,23.866306469433407,0.035,4.24,10055.422,99.57343307354832,74.75661648544407
4.205572298806773,0.0309817647886443,23.873408928758387,0.035,4.24,10062.641,99.5775883608906,74.75661648544407
4.2058413223741855,0.0343312313454964,23.874295370627078,0.035,4.24,10069.922,99.58223242576811,74.75661648544407
4.205583769582367,0.0321127393151345,23.877295424546528,0.035,4.24,10077.141,99.58653939989026,74.75661648544407
4.205627049582325,0.0327486486452495,23.87648339183406,0.035,4.24,10084.375,99.59094078890284,74.75661648544407
4.20572375783424,0.0315582969257295,23.88591905199829,0.035,4.24,10091.579,99.59516460624468,74.75661648544407
4.2058025712942495,0.0327459246115808,23.882357068843504,0.035,4.24,10098.797,99.59955589506518,74.75661648544407
4.205632878243962,0.0347760823533673,23.87842400118842,0.035,4.24,10106.079,99.60426078206314,74.75661648544407
4.205702319904376,0.0295939365503578,23.880670216641292,0.035,4.24,10113.313,99.60823818059895,74.75661648544407
4.205638234402022,0.0309094979615418,23.876643475311308,0.035,4.24,10120.532,99.61238377548396,74.75661648544407
4.205797268010444,0.0326837479766471,23.873226647751952,0.035,4.24,10127.782,99.61678615750658,74.75661648544407
4.205850270677555,0.0344166447267844,23.870244677196837,0.034,4.24,10135.0,99.62140149297262,74.75661648544407
4.205857988323371,0.0340194085628576,23.871240938721684,0.034,4.24,10142.219,99.62596419037729,74.75661648544407
4.205761608175337,0.031814926652979,23.872214008061512,0.035,4.24,10149.469,99.63024954532642,74.75661648544407
4.206003241436267,0.0342670964326903,23.87301284387084,0.035,4.24,10156.735,99.63487538489878,74.75661648544407
4.205936342915569,0.0299462206441583,23.877912914704627,0.035,4.24,10164.094,99.6389696757396,74.75661648544407
4.205966853137181,0.0331722631936934,23.87533498153447,0.034,4.24,10171.344,99.64343785898583,74.75661648544407
4.2060058435169605,0.0329418933136593,23.86847011193385,0.034,4.24,10178.579,99.6478658319297,74.75661648544407
4.205919089990206,0.0360685552019619,23.87619033577346,0.034,4.24,10185.813,99.65271341340657,74.75661648544407
4.205983634527324,0.0319712550947051,23.87029529472887,0.035,4.24,10193.047,99.65701032142304,74.75661648544407
4.20588327387066,0.0301677065775851,23.87314790888609,0.034,4.24,10200.313,99.66108276949777,74.75661648544407
4.2058977609911095,0.0323271620100212,23.877549686356637,0.034,4.24,10207.547,99.66542751108452,74.75661648544407
4.206017874619387,0.0335360526988613,23.87734054380028,0.034,4.24,10214.766,99.66992538059715,74.75661648544407
4.205972582117216,0.0297415233440845,23.87719727159489,0.034,4.24,10221.985,99.67391432623454,74.75661648544407
4.206282562873163,0.0307922288368258,23.87725444477276,0.034,4.24,10229.266,99.67807966207707,74.75661648544407
4.206013768319343,0.0329265626606044,23.88024453160056,0.034,4.24,10236.485,99.68249578652906,74.75661648544407
4.205818314924106,0.0356912400684876,23.88184224826601,0.034,4.24,10243.719,99.68729265719031,74.75661648544407
4.20587097457653,0.0303883168388551,23.882371589637543,0.034,4.24,10250.922,99.69135931778396,74.75661648544407
4.20606742464912,0.030557969616006,23.879929858347104,0.034,4.24,10258.157,99.69546684923004,74.75661648544407
4.206080939283505,0.030966556366443,23.87116949976063,0.034,4.24,10265.36,99.69961089166463,74.75661648544407
4.2059621873159845,0.0333323785575214,23.874082354561004,0.034,4.24,10272.594,99.704090733454,74.75661648544407
4.206011758473624,0.0341336365133059,23.874781493792828,0.034,4.24,10279.797,99.70865860456257,74.75661648544407
4.206205500388822,0.0316130490700192,23.87775250488065,0.034,4.24,10287.016,99.71289856001859,74.75661648544407
4.206121397935607,0.0327358871656317,23.87775001887076,0.034,4.24,10294.297,99.7173268190079,74.75661648544407
4.2059834883594585,0.0342498702082446,23.878856520328416,0.034,4.24,10301.516,99.72192042602552,74.75661648544407
4.206083799241058,0.0345655631845035,23.870438981094846,0.034,4.24,10308.75,99.72656600672298,74.75661648544407
4.206096496660625,0.0313572225433896,23.86941875905305,0.034,4.24,10315.954,99.7307629119198,74.75661648544407
4.206246967067343,0.0310670999313986,23.879551305390525,0.034,4.24,10323.204,99.73494753732845,74.75661648544407
4.206305183493866,0.0332247524136638,23.8774675647878,0.034,4.24,10330.438,99.7394129142606,74.75661648544407
4.206359378605799,0.0328226059578452,23.873055724394074,0.034,4.24,10337.657,99.74381509599583,74.75661648544407
4.206056510834146,0.0334890193041178,23.870448993232287,0.034,4.24,10344.875,99.74830603518366,74.75661648544407
4.206199988674324,0.0315252160570804,23.879661165877977,0.034,4.24,10352.094,99.75253421043895,74.75661648544407
4.206130162468812,0.0327843613910665,23.86810453516436,0.034,4.24,10359.313,99.75693126279678,74.75661648544407
4.206116749085791,0.0289445443914823,23.871600162596188,0.034,4.24,10366.625,99.76086332851106,74.75661648544407
4.20621883556831,0.0320948286076708,23.857557857593697,0.034,4.24,10373.844,99.76516790044157,74.75661648544407
4.20635093265852,0.0296035258208374,23.85922816312609,0.034,4.24,10381.063,99.76913833779302,74.75661648544407
4.206303356451612,0.0350946994929312,23.8523591004347,0.034,4.24,10388.266,99.7738348213867,74.75661648544407
4.2063273476483145,0.0319804644854374,23.85462929855111,0.034,4.24,10395.516,99.77814247368002,74.75661648544407
4.206213335958283,0.0329172975942048,23.853618406584825,0.034,4.24,10402.782,99.78258609901388,74.75661648544407
4.206528645488167,0.0310904212032579,23.85479763990012,0.034,4.24,10410.0,99.78675538177727,74.75661648544407
4.206351392817209,0.0331054536515055,23.855303866308155,0.034,4.24,10417.219,99.7911954991643,74.75661648544407
4.206316992669319,0.0315462657789967,23.868630526629865,0.034,4.24,10424.5,99.7954628353238,74.75661648544407
4.206400290552651,0.0291402836125483,23.87102664579212,0.034,4.24,10431.719,99.79937114243518,74.75661648544407
4.206379851784977,0.0314029063045048,23.86335301040158,0.034,4.24,10438.938,99.80358291345496,74.75661648544407
4.20658829850174,0.0326047121409583,23.867803381908328,0.034,4.24,10446.157,99.80795587117971,74.75661648544407
4.206575812834815,0.0288204748611477,23.86512020154361,0.034,4.24,10453.391,99.81182931715806,74.75661648544407
4.2065101959279865,0.0308769314102543,23.864608235717743,0.034,4.24,10460.641,99.81598832755829,74.75661648544407
4.206370439671216,0.0306370505333802,23.866734385614244,0.034,4.24,10467.86,99.82009738167949,74.75661648544407
4.206430650614552,0.028680507960309,23.86626854212214,0.034,4.24,10475.079,99.82394402348675,74.75661648544407
4.206590939281845,0.0317507644350051,23.86073583097326,0.034,4.24,10482.297,99.82820185949411,74.75661648544407
4.206409812651922,0.0304049141369583,23.857604952389764,0.034,4.24,10489.532,99.83228881757746,74.75661648544407
4.206404174597825,0.0301851019363581,23.867071601935184,0.034,4.24,10496.797,99.83636305311148,74.75661648544407
4.206601000405096,0.032606109332532,23.861392132867277,0.032,4.24,10504.016,99.84073619822816,74.75661648544407
4.20640997525276,0.0305417772804994,23.855399114578784,0.034,4.24,10511.25,99.84484098570819,74.75661648544407
4.20641384498334,0.0289389462282702,23.863691259565567,0.034,4.24,10518.454,99.84871422459751,74.75661648544407
4.206521190570732,0.0297135583817569,23.86047345890958,0.034,4.24,10525.704,99.85271653288056,74.75661648544407
4.206500737844774,0.0323617737267427,23.860974953180445,0.032,4.24,10532.985,99.8570941846818,74.75661648544407
4.206642906791213,0.0304277335840908,23.86338497814281,0.032,4.24,10540.204,99.86117516512559,74.75661648544407
4.206544199437402,0.0324160863680607,23.86236214616953,0.032,4.24,10548.297,99.86604919276857,74.75661648544407
4.206481453343017,0.030339782782295,23.859411341027126,0.032,4.24,10555.516,99.87011837721379,74.75661648544407
4.20667188610517,0.0303180465707607,23.859545707815567,0.034,4.24,10562.75,99.87419309548706,74.75661648544407
4.206485652760699,0.029186591401205,23.854725889846435,0.032,4.24,10569.969,99.87810761341854,74.75661648544407
4.206888595174607,0.0314036261501171,23.849415634797595,0.032,4.24,10577.188,99.88231948098432,74.75661648544407
4.206641205868286,0.0337218772959148,23.85338665047885,0.032,4.24,10584.469,99.88688111713357,74.75661648544407
4.206942468732222,0.031649715770479,23.8538367796758,0.032,4.24,10591.704,99.89113539856719,74.75661648544407
4.206635128939476,0.0312349916758415,23.85502468802761,0.032,4.24,10598.922,99.89532406849732,74.75661648544407
4.206750636411405,0.0324790806065263,23.862281208167403,0.032,4.24,10606.141,99.89968017646775,74.75661648544407
4.206753356454991,0.0335652222296363,23.85571119922066,0.032,4.24,10613.594,99.9043278810426,74.75661648544407
4.206762326907703,0.0270162459040053,23.84870286961319,0.032,4.24,10620.86,99.90797490201633,74.75661648544407
4.206789008598234,0.0305693459232624,23.85505467616841,0.032,4.24,10628.141,99.91211008797288,74.75661648544407
4.206831454850779,0.034660997975759,23.8518948771546,0.032,4.24,10635.422,99.91679876114333,74.75661648544407
4.206824863138847,0.0322935759093935,23.85079639208504,0.032,4.24,10642.75,99.92119538654865,74.75661648544407
4.206853003475231,0.029428759475154,23.851401044746552,0.032,4.24,10650.079,99.92520252680693,74.75661648544407
4.206795323604528,0.0309266878884544,23.85564284649792,0.032,4.24,10657.36,99.9293860512356,74.75661648544407
4.206813722032625,0.0305636133733309,23.84884242445486,0.032,4.24,10664.61,99.93350285883542,74.75661648544407
4.20688095796229,0.0317569402437606,23.85496969667337,0.032,4.24,10671.891,99.93779869341587,74.75661648544407
4.206973609287892,0.0319050528545261,23.855367812985747,0.032,4.24,10679.204,99.94213353178303,74.75661648544407
4.207475053704825,0.0301622608102721,23.855810175065816,0.032,4.24,10686.407,99.94616994084453,74.75661648544407
4.207656493458288,0.0311745535289715,23.854484074268267,0.032,4.24,10693.594,99.9503325511396,74.75661648544407
4.206411276312291,0.0210311861718866,23.84633481894133,0.024,4.234,10700.813,99.95315326268685,74.75661648544407
4.206034495582832,0.0207945143585315,23.846764146986654,0.024,4.234,10708.016,99.95593605031391,74.75661648544407
4.205951465937887,0.0217150667107967,23.848385063488998,0.024,4.234,10715.188,99.9588295225236,74.75661648544407
4.205834103754024,0.0220919997175147,23.85211907436144,0.024,4.234,10722.391,99.96178594374173,74.75661648544407
4.206031899832755,0.0223016190758964,23.847751107183157,0.024,4.234,10729.579,99.96476420182208,74.75661648544407
4.206100464856021,0.0224282013701442,23.84774753574889,0.024,4.234,10736.766,99.9677589475796,74.75661648544407
4.206310063624974,0.020499629966866,23.85480688609384,0.024,4.234,10743.954,99.97049655996483,74.75661648544407
4.20596059657309,0.0217046557655164,23.850129062130964,0.024,4.234,10751.125,99.97338824169837,74.75661648544407
4.20616571911247,0.023631669423687,23.849223912839044,0.024,4.234,10758.313,99.97654412065829,74.75661648544407
4.205925249162718,0.0207207511315516,23.85287248661833,0.024,4.234,10765.407,99.97927507566784,74.75661648544407
4.2058895000415895,0.0226644830589115,23.856443794264187,0.024,4.234,10772.594,99.98230137115033,74.75661648544407
4.206083802136004,0.0248019432529931,23.85043442745621,0.024,4.234,10779.766,99.985606161069,74.75661648544407
4.206043783843955,0.0210913433110959,23.847832006818717,0.024,4.234,10786.954,99.98842279350399,74.75661648544407
4.2060926995461445,0.021290114479439,23.847159965698832,0.024,4.234,10794.125,99.99125924646644,74.75661648544407
4.206267197170392,0.0218294820767739,23.84842966954432,0.024,4.234,10801.235,99.9941428191272,74.75661648544407
4.206171263207101,0.0214970302194802,23.849885194571563,0.024,4.234,10808.407,99.9970072385812,74.75661648544407
4.2059875761854,0.0224602170501309,23.845055804767625,0.024,4.234,10815.579,99.99999999999999,74.75661648544407
