Voltage_measured,Current_measured,Temperature_measured,Current_charge,Voltage_charge,Time,SoC,SoH
3.240065742399357,-0.0012414041508822,25.58693139080688,-0.0006,0.002,0.0,-0.0,95.18153901526547
3.0136515578797805,-2.2566610651846637,25.58123237976185,-2.2691,1.942,2.530999999999999,-0.08334379309781585,95.18153901526547
3.358650915972411,1.4923160005689649,25.60212140779525,1.4995,4.085,5.530999999999999,-0.018016173897345014,95.18153901526547
3.3806691543283165,1.4883008395920645,25.60415995469804,1.4995,4.111,8.390999999999998,0.0440952578943959,95.18153901526547
3.39656613377394,1.491377162030465,25.60042560643101,1.4995,4.123,11.233999999999996,0.10596511725763202,95.18153901526547
3.410613569426387,1.4901109300749795,25.58868404544484,1.4995,4.136,14.108999999999996,0.1684782452159398,95.18153901526547
3.423370368865244,1.4893985849843996,25.56467307855467,1.4995,4.149,17.031,0.23198295407647068,95.18153901526547
3.435360137658512,1.4909684510132426,25.561808457268317,1.4995,4.161,19.906,0.29453205674985405,95.18153901526547
3.4460411051012403,1.4884971994151754,25.54469836818781,1.4995,4.174,22.766,0.35665168324889834,95.18153901526547
3.456931848560299,1.4921112996590236,25.53224130354449,1.4995,4.187,25.641,0.41924873070423646,95.18153901526547
3.466690793676157,1.4916771051026896,25.51377143305649,1.4995,4.2,28.531,0.482154061085807,95.18153901526547
3.4762779282328093,1.489322576231542,25.49606750665685,1.4995,4.212,31.391,0.544308133131389,95.18153901526547
3.4857219367841674,1.4921811964984224,25.4804053767637,1.4995,4.212,34.266,0.6069081128986624,95.18153901526547
3.4942870316112065,1.4922327268878526,25.461406930622747,1.4995,4.225,37.156,0.669836874337694,95.18153901526547
3.503012776034114,1.491689833456518,25.44156874480435,1.4995,4.238,40.016,0.7320897394039819,95.18153901526547
3.511491656481968,1.4875687965420048,25.435240201432972,1.4995,4.25,42.906,0.7948218188142564,95.18153901526547
3.5193894476054046,1.49077397184131,25.42429222999536,1.4995,4.25,45.797,0.8577108166467445,95.18153901526547
3.527385246934112,1.4899271599729005,25.39383864291,1.4995,4.263,48.687,0.920542350309064,95.18153901526547
3.5348160789612955,1.4884223240702743,25.385265006348067,1.4995,4.263,51.562,0.9829846378748125,95.18153901526547
3.541929760865674,1.4924176231323938,25.37252668927867,1.4995,4.276,54.422,1.04526787587217,95.18153901526547
3.548877725864501,1.490684541819871,25.35359290526084,1.4995,4.276,57.281,1.1074570349190072,95.18153901526547
3.556099621409792,1.4918206224823405,25.33188179359949,1.4995,4.288,60.156,1.1700418878865566,95.18153901526547
3.562377454191017,1.4900544781454257,25.31698420998156,1.4995,4.301,63.031,1.2325526475737347,95.18153901526547
3.5689119518298185,1.4932508531060296,25.30589030546068,1.4995,4.301,65.937,1.2958729765183084,95.18153901526547
3.575680761330939,1.4917130311659157,25.29909394123472,1.4995,4.301,68.922,1.3608476940145604,95.18153901526547
3.582047371785215,1.49029199343216,25.2854250997118,1.4995,4.314,71.844,1.4243904958637246,95.18153901526547
3.5880819600747387,1.4907963418801449,25.27936232292793,1.4995,4.326,74.75,1.487606742859912,95.18153901526547
3.5939183212911843,1.4907581986368357,25.262732020318523,1.4995,4.326,77.64099999999999,1.5504950752923858,95.18153901526547
3.599867186143398,1.4964827603616195,25.247442687950407,1.4995,4.326,80.625,1.6156557117619528,95.18153901526547
3.6053757589430746,1.4905223547469597,25.23115580840279,1.4995,4.339,83.609,1.680556817127149,95.18153901526547
3.611415878700246,1.492235920962669,25.21323832330304,1.4995,4.352,86.562,1.744857519649469,95.18153901526547
3.616819106666146,1.497033123341074,25.194695761303254,1.4995,4.352,89.469,1.8083600780029347,95.18153901526547
3.6219724440794896,1.4868400186281878,25.180019597136347,1.4995,4.352,92.469,1.8734479806401316,95.18153901526547
3.627265194140485,1.4891687470286037,25.17098909363739,1.4995,4.364,95.406,1.937268838936472,95.18153901526547
3.632203439015489,1.4929166933033455,25.166023985418327,1.4995,4.364,98.312,2.0005749980524583,95.18153901526547
3.637678582480148,1.4939890787381542,25.151222048184245,1.4995,4.377,101.312,2.065975857916092,95.18153901526547
3.642339457955382,1.4910784662762109,25.142298121366345,1.4995,4.377,104.312,2.131249302820372,95.18153901526547
3.6471957431349824,1.491820145830283,25.126362637339888,1.4995,4.377,107.281,2.1958803877216,95.18153901526547
3.6521021003777454,1.4921720370202207,25.11140930426566,1.4995,4.39,110.281,2.261201704774344,95.18153901526547
3.6565418569031984,1.4909413233394029,25.101543902969908,1.4995,4.39,113.25,2.325794715882843,95.18153901526547
3.661053818896239,1.4908305292472512,25.07830377803714,1.4995,4.402,116.203,2.3900348598343957,95.18153901526547
3.6658486980363514,1.4906894025328037,25.066324803808875,1.4995,4.402,119.187,2.4549432388818118,95.18153901526547
3.670116849749832,1.4907412075195443,25.056741061628497,1.4995,4.402,122.187,2.5202019199481254,95.18153901526547
3.674432437472876,1.490510292089657,25.04877365012597,1.4995,4.415,125.219,2.586146477234991,95.18153901526547
3.6788046960118166,1.4887217492901803,25.03443028228762,1.4995,4.415,128.23399999999998,2.651642605892385,95.18153901526547
3.6831531872138488,1.4932340899352663,25.020077346050872,1.4995,4.415,131.281,2.7180345110510435,95.18153901526547
3.686860115324456,1.4902557884459944,25.004919665770338,1.4995,4.428,134.266,2.7829457552571437,95.18153901526547
3.690953766530648,1.490833826483085,24.993506105733903,1.4995,4.428,137.281,2.848534804488599,95.18153901526547
3.695258096200965,1.489236554286719,24.98426657311939,1.4995,4.428,140.312,2.9144012769325984,95.18153901526547
3.699075228942888,1.492117352612981,24.97519866781017,1.4995,4.428,143.375,2.9810918975079077,95.18153901526547
3.703116024594469,1.493237825773378,24.970175931229186,1.4995,4.44,146.391,3.046808499714219,95.18153901526547
3.7071047463758178,1.4914174958123017,24.95635752366816,1.4995,4.44,149.422,3.112771431598784,95.18153901526547
3.711005296024066,1.490385614146119,24.94538699615853,1.4995,4.44,152.453,3.1786887250620155,95.18153901526547
3.7144855747634473,1.4933369955581686,24.937884944751094,1.4995,4.453,155.516,3.2454338579347333,95.18153901526547
3.717993220080844,1.4910422025763583,24.924591960803696,1.4995,4.453,158.547,3.3113801912194916,95.18153901526547
3.721976131363105,1.4886880671265954,24.909499640974023,1.4995,4.453,161.609,3.377895815944824,95.18153901526547
3.725784924085745,1.4917974966264915,24.904719739181672,1.4995,4.466,164.719,3.4455952508951864,95.18153901526547
3.72886492434992,1.4927873690021318,24.89037332985217,1.4995,4.466,167.797,3.5126425593176793,95.18153901526547
3.732660595306197,1.4909044405168037,24.88194684791359,1.4995,4.466,170.906,3.580279711109726,95.18153901526547
3.735645871487314,1.4925016269069862,24.87598054392255,1.4995,4.466,174.0,3.6476626429702717,95.18153901526547
3.738984594818072,1.48954707917309,24.86758414514424,1.4995,4.479,177.141,3.7159337510036305,95.18153901526547
3.7426834424137967,1.4937876359313556,24.859440617860297,1.4995,4.479,180.297,3.7847261786659834,95.18153901526547
3.7458713169706903,1.490335523473202,24.846743885925264,1.4995,4.479,183.437,3.853011676861807,95.18153901526547
3.749245736467514,1.4943732320845955,24.83381095301879,1.4995,4.479,186.609,3.9221799668768265,95.18153901526547
3.752168252912997,1.4933527634005332,24.82407677031869,1.4995,4.491,189.797,3.9916496796864447,95.18153901526547
3.755787997165531,1.4891727349485722,24.81641835396048,1.4995,4.491,192.937,4.0598819002193185,95.18153901526547
3.7585317127158593,1.4953381585283063,24.808297926511305,1.4995,4.491,196.078,4.128418433501613,95.18153901526547
3.76187398191777,1.491828031589892,24.802543497621983,1.4995,4.504,199.234,4.197120616783396,95.18153901526547
3.765259653371504,1.4925077614764986,24.787588634944488,1.4995,4.504,202.422,4.266551020702024,95.18153901526547
3.768016462980869,1.4903089378056475,24.77891696071004,1.4995,4.504,205.578,4.335183246148603,95.18153901526547
3.770945169025198,1.493065618790175,24.773849981457072,1.4995,4.504,208.719,4.403615621054072,95.18153901526547
3.7739624644134007,1.4922370341373543,24.76322596655065,1.4995,4.517,211.875,4.472336639863399,95.18153901526547
3.776609846982595,1.4911093335859928,24.744668845312948,1.4995,4.517,215.047,4.541353857660927,95.18153901526547
3.77960050982969,1.4899973494792564,24.744542998751346,1.4995,4.517,218.219,4.610319606362559,95.18153901526547
3.782688874799485,1.4933156109427237,24.72946220035364,1.4995,4.517,221.375,4.679090296165993,95.18153901526547
3.785044474752954,1.4914345796807322,24.71507819356662,1.4995,4.517,224.562,4.748449013416243,95.18153901526547
3.788103743903619,1.4888716330577718,24.713030551958774,1.4995,4.529,227.75,4.817710267216306,95.18153901526547
3.7907781144130266,1.4894088849659242,24.69924868982573,1.4995,4.529,230.969,4.887670250620236,95.18153901526547
3.793235162283512,1.4918589689434203,24.68231064049654,1.4995,4.529,234.203,4.958071856556615,95.18153901526547
3.7959805588482975,1.490443124199932,24.6740024479809,1.4995,4.529,237.437,5.028406648038161,95.18153901526547
3.79881878636976,1.4921326257138423,24.66670230310072,1.4995,4.529,240.734,5.100192879408288,95.18153901526547
3.801290038410396,1.493283377288876,24.65297225300008,1.4995,4.542,243.984,5.171010343744788,95.18153901526547
3.803663058453088,1.4907121889775607,24.646591423379917,1.4995,4.542,247.219,5.241379585004332,95.18153901526547
3.8062124681645177,1.492381312259906,24.635858520805577,1.4995,4.542,250.531,5.31350443303074,95.18153901526547
3.808279074450605,1.495459149067088,24.6391438468749,1.4995,4.542,253.797,5.384774228964676,95.18153901526547
3.810836012807602,1.489345344236919,24.62041117784293,1.4995,4.542,257.125,5.457100073008772,95.18153901526547
3.8128733975454314,1.4938302144427902,24.62402650366472,1.4995,4.555,260.406,5.528619207570744,95.18153901526547
3.815262173528809,1.4932613731712594,24.60377521349476,1.4995,4.555,263.75,5.601483857170667,95.18153901526547
3.8170933426928864,1.4919062670436416,24.597101241886214,1.4995,4.555,267.047,5.673259198466017,95.18153901526547
3.819250139285812,1.4937098217717566,24.596203782437897,1.4995,4.555,270.391,5.746145730403973,95.18153901526547
3.8208579599315846,1.49243423622284,24.5881171744372,1.4995,4.555,273.719,5.818621577750464,95.18153901526547
3.8225027253262938,1.4910895135487894,24.57443523561886,1.4995,4.555,277.062,5.891358492086373,95.18153901526547
3.824182682076252,1.4915042988128304,24.56518085208742,1.4995,4.555,280.406,5.96413740411232,95.18153901526547
3.825640994335714,1.493292673501972,24.561275793623,1.4995,4.567,283.766,6.037352223026852,95.18153901526547
3.827383698228741,1.4881903617574035,24.54514344493449,1.4995,4.567,287.187,6.111641536086517,95.18153901526547
3.8284007182680666,1.4902328817051391,24.545472008671297,1.4995,4.567,290.578,6.185380445877913,95.18153901526547
3.8297108115894,1.4915621511968322,24.526397312107196,1.4995,4.567,293.984,6.259511602967828,95.18153901526547
3.83114207365093,1.492400256308553,24.52825898599833,1.4995,4.567,297.391,6.3337061912754855,95.18153901526547
3.8320603055496902,1.493557118237831,24.5247336193193,1.4995,4.567,300.797,6.4079364989203995,95.18153901526547
3.832916348410031,1.4900162896704576,24.52232328790019,1.4995,4.567,304.25,6.483012714992774,95.18153901526547
3.8339138469575422,1.4927098298771324,24.510658303461813,1.4995,4.567,307.719,6.558573154160693,95.18153901526547
3.834893855749204,1.4921120416867273,24.509469375895502,1.4995,4.567,311.172,6.633754967153248,95.18153901526547
3.8361014691348494,1.4903715953716397,24.500788310530677,1.4995,4.58,314.672,6.709871218234076,95.18153901526547
3.837028393689776,1.4899943153053126,24.49200471757852,1.4995,4.58,318.141,6.78529419902294,95.18153901526547
3.837753059665267,1.490872200323539,24.492178160676183,1.4995,4.58,321.594,6.860413541156133,95.18153901526547
3.8383419560465737,1.4911401622485103,24.491076366352807,1.4995,4.58,325.062,6.935872765593326,95.18153901526547
3.839133845025585,1.491615740639518,24.492440605082955,1.4995,4.58,328.547,7.011726072832275,95.18153901526547
3.839976574881635,1.4903400435383267,24.47705414344168,1.4995,4.58,332.062,7.088166918096587,95.18153901526547
3.840626893237958,1.4865767838453827,24.47399601510464,1.4995,4.58,335.578,7.164436434603851,95.18153901526547
3.841124872243596,1.4912633281908023,24.474467724437737,1.4995,4.58,339.141,7.241969140544802,95.18153901526547
3.841788838273722,1.4926956716278474,24.47167935401602,1.4995,4.58,342.672,7.318879310647228,95.18153901526547
3.842689074863369,1.491907078290064,24.475555678318862,1.4995,4.58,346.234,7.396423716080969,95.18153901526547
3.8433395570888007,1.4895725524874217,24.466519206814247,1.4995,4.58,349.844,7.47489010092176,95.18153901526547
3.843733647244008,1.49221270349141,24.468034130581728,1.4995,4.58,353.406,7.552450391744658,95.18153901526547
3.844474324668543,1.4896470870830576,24.46356666174209,1.4995,4.58,357.078,7.632268392406584,95.18153901526547
3.845127615530112,1.489424514610629,24.456065036986224,1.4995,4.58,360.672,7.710379240150974,95.18153901526547
3.845678552675487,1.491287203319631,24.46199882850263,1.4995,4.58,364.312,7.789588773676822,95.18153901526547
3.846239278506745,1.4933331758594144,24.452567890176773,1.4995,4.58,367.922,7.868253257307938,95.18153901526547
3.8468827886862416,1.4889471399972851,24.455725862629944,1.4995,4.58,371.578,7.947686126097245,95.18153901526547
3.847955566602947,1.4931071468065478,24.44268996120764,1.4995,4.58,375.266,8.02803812173271,95.18153901526547
3.848369807146688,1.4940705810618935,24.44036888866333,1.4995,4.593,378.937,8.108071339772655,95.18153901526547
3.849092254881384,1.4925613514167722,24.44499105173916,1.4995,4.58,382.609,8.188045492018762,95.18153901526547
3.849843369013199,1.491595608435957,24.433752710498148,1.4995,4.593,386.328,8.2689908699712,95.18153901526547
3.850573075884722,1.4889621470278454,24.440486004700453,1.4995,4.593,390.078,8.350466871122986,95.18153901526547
3.851027091324741,1.4949982303435136,24.43432468074748,1.4995,4.593,393.844,8.432622206917827,95.18153901526547
3.851717236840196,1.4931726669755034,24.42279264731508,1.4995,4.593,397.625,8.515004047279644,95.18153901526547
3.852287817308949,1.4907319674933557,24.423771532523013,1.4995,4.593,401.406,8.597251228522957,95.18153901526547
3.8531026195760014,1.4835568655062883,24.420530033822896,1.4995,4.593,405.172,8.678777821653712,95.18153901526547
3.853597965026092,1.4903229617547935,24.417331690156796,1.4995,4.593,409.0,8.76202453625095,95.18153901526547
3.854485706173111,1.4920976613550891,24.4101883737724,1.4995,4.593,412.797,8.844695429022742,95.18153901526547
3.85521255328276,1.4924983020862506,24.41262506322176,1.4995,4.593,416.578,8.927040063090953,95.18153901526547
3.856148384758613,1.4911841990985772,24.406638101350907,1.4995,4.593,420.359,9.009312195013267,95.18153901526547
3.8567387866864906,1.490997275090765,24.4002691584987,1.4995,4.593,424.156,9.091922119983003,95.18153901526547
3.8572561477546303,1.4932523854254554,24.411826372290932,1.4995,4.593,427.984,9.175332466828086,95.18153901526547
3.858120195980448,1.4907689298336115,24.41358617175503,1.4995,4.593,431.828,9.25895214515786,95.18153901526547
3.8588273288467994,1.4904022466481142,24.40879883862282,1.4995,4.593,435.75,9.344247595536,95.18153901526547
3.859740651452791,1.4961867231545916,24.41023636965303,1.4995,4.593,439.625,9.428847969787586,95.18153901526547
3.8603987196104734,1.4940960304676307,24.41926009923663,1.4995,4.605,443.5,9.513330127922812,95.18153901526547
3.861165693229724,1.4900217706977008,24.420647113638623,1.4995,4.605,447.437,9.5989299396663,95.18153901526547
3.8618148969517048,1.4915920842862174,24.41746789641148,1.4995,4.605,451.328,9.683618759636637,95.18153901526547
3.862562920524285,1.4916510857215737,24.413776707000608,1.4995,4.605,455.344,9.771031700887791,95.18153901526547
3.863241848668884,1.4931213464843291,24.405759382704165,1.4995,4.605,459.297,9.857158181221482,95.18153901526547
3.863991489565872,1.4942777905221107,24.405026202426725,1.4995,4.605,463.281,9.944027307242122,95.18153901526547
3.864724327887741,1.492579804331185,24.406083610996014,1.4995,4.605,467.25,10.030471025808767,95.18153901526547
3.865566401549115,1.4944398441849165,24.412377219575117,1.4995,4.605,471.25,10.117698482568775,95.18153901526547
3.866390768152625,1.490293663927018,24.4075035565506,1.4995,4.605,475.266,10.205031876912,95.18153901526547
3.8671606853201865,1.490707672160832,24.40021196711158,1.4995,4.605,479.312,10.293042104875127,95.18153901526547
3.8676395448679575,1.4932923148355937,24.39883306641192,1.4995,4.605,483.391,10.381924002084288,95.18153901526547
3.868456909992144,1.4932763743536417,24.39328876396601,1.4995,4.605,487.484,10.471110008919563,95.18153901526547
3.869235642765566,1.4914101896096317,24.399483332619383,1.4995,4.605,491.594,10.560554522919869,95.18153901526547
3.8701235765610487,1.4916301374698688,24.39635712294648,1.4995,4.605,495.719,10.650338715852671,95.18153901526547
3.870846499584181,1.4893970425407288,24.40940535617444,1.4995,4.605,499.797,10.738967030205075,95.18153901526547
3.8713595996202814,1.4930264285093535,24.404627159113844,1.4995,4.605,503.875,10.827811315417728,95.18153901526547
3.872134115275244,1.4931882603883029,24.394748068131157,1.4995,4.605,507.969,10.917013848243057,95.18153901526547
3.872934161947151,1.4933180948324527,24.40437125950748,1.4995,4.605,512.078,11.006550994766036,95.18153901526547
3.873834148088637,1.4927858864444012,24.399824199890663,1.4995,4.605,516.219,11.096753278208936,95.18153901526547
3.874466264037806,1.4924086383751256,24.408505296432462,1.4995,4.618,520.422,11.188282954201227,95.18153901526547
3.875301858033796,1.4929187459777185,24.396982748270634,1.4995,4.618,524.625,11.27984391517967,95.18153901526547
3.87590973003152,1.4908596522012691,24.396821354899732,1.4995,4.618,528.781,11.37025612435051,95.18153901526547
3.8767372739278967,1.4898251610718405,24.405495933398672,1.4995,4.618,532.969,11.461301262338647,95.18153901526547
3.8775719198723,1.4911089033094742,24.400759110175606,1.4995,4.618,537.203,11.55342573139024,95.18153901526547
3.878051318978269,1.4934294738297722,24.40886990644334,1.4995,4.618,541.406,11.645018015394841,95.18153901526547
3.879113301966684,1.4919544623599663,24.408055604062632,1.4995,4.618,545.687,11.738217943299901,95.18153901526547
3.8796349296561,1.4927159024039758,24.41350419995189,1.4995,4.618,549.922,11.830463478517302,95.18153901526547
3.880711175460448,1.4927990931837516,24.4160499878863,1.4995,4.618,554.219,11.924064695870749,95.18153901526547
3.88140874366701,1.4898650979509185,24.418053958419804,1.4995,4.618,558.578,12.018829833177447,95.18153901526547
3.882081027295385,1.4925934207062037,24.41309035752096,1.4995,4.618,562.937,12.113768509605826,95.18153901526547
3.8827633193331126,1.4953530426333466,24.416220303736186,1.4995,4.618,567.328,12.20958096205393,95.18153901526547
3.8836542956705182,1.49399956693642,24.417091979213552,1.4995,4.618,571.719,12.305306692622885,95.18153901526547
3.884270028538119,1.4882902186315163,24.42385057386108,1.4995,4.618,576.203,12.402686298441097,95.18153901526547
3.8852599279779896,1.4951606594126496,24.431984606601805,1.4995,4.618,580.594,12.498486424229439,95.18153901526547
3.885999349008264,1.4901284757542734,24.42740867109374,1.4995,4.618,585.0,12.594290279859472,95.18153901526547
3.886936340672027,1.4899398518121274,24.436122190549767,1.4995,4.618,589.422,12.690429867618663,95.18153901526547
3.8874736987310974,1.4920191514531338,24.43962383573122,1.4995,4.618,593.937,12.788728377242503,95.18153901526547
3.888254615733778,1.4919358136922505,24.436469718680957,1.4995,4.631,598.375,12.885345081280855,95.18153901526547
3.888783314301686,1.490067598827172,24.443923359943344,1.4995,4.631,602.844,12.982514836047102,95.18153901526547
3.890059474306924,1.4916149845696125,24.448707030346117,1.4995,4.631,607.344,13.080460233337481,95.18153901526547
3.8905640102750967,1.4932231791857278,24.4512349348189,1.4995,4.631,611.875,13.179186693538467,95.18153901526547
3.891317241683105,1.4882910179905962,24.450126093267823,1.4995,4.631,616.422,13.277934531512328,95.18153901526547
3.891867039982077,1.489489408274466,24.452011569785142,1.4995,4.631,620.984,13.377087901874793,95.18153901526547
3.892934899875838,1.4937397418498688,24.4518257005551,1.4995,4.631,625.531,13.476197261684314,95.18153901526547
3.893513967434163,1.4935360129792874,24.458192272024743,1.4995,4.631,630.109,13.575968708060454,95.18153901526547
3.894379724552563,1.4939512916495818,24.451457429087885,1.4995,4.631,634.75,13.67714127927247,95.18153901526547
3.894870468991534,1.487798874986085,24.461126496317565,1.4995,4.631,639.344,13.776876831728913,95.18153901526547
3.895762941418001,1.489146210438904,24.4574480485632,1.4995,4.631,643.984,13.877702266178854,95.18153901526547
3.896980661095305,1.4917173824550911,24.44978917250361,1.4995,4.631,648.656,13.979398335064886,95.18153901526547
3.897340067604538,1.4927163566220751,24.456465311834634,1.4995,4.631,653.312,14.080814000392678,95.18153901526547
3.898296798942908,1.4910987286583712,24.46340139206212,1.4995,4.631,658.016,14.183164152827931,95.18153901526547
3.898989023694928,1.490829715882504,24.469381665888857,1.4995,4.631,662.719,14.285474085836158,95.18153901526547
3.8998343118839616,1.4924481166205374,24.467630118751927,1.4995,4.643,667.422,14.387895083487997,95.18153901526547
3.900395482879997,1.4910500578574286,24.466345051177843,1.4995,4.631,672.156,14.49089461713538,95.18153901526547
3.9012887100196743,1.4921713307773523,24.47348188291291,1.4995,4.643,676.891,14.593993380420441,95.18153901526547
3.901942016544937,1.4914938904924817,24.484539978608268,1.4995,4.643,681.734,14.699395835945412,95.18153901526547
3.902871130285206,1.4904874621317366,24.48025090416735,1.4995,4.643,686.516,14.803400467481545,95.18153901526547
3.903705775820445,1.4935901688735052,24.48118375958196,1.4995,4.643,691.328,14.908275436569514,95.18153901526547
3.904514402471624,1.4902418225915932,24.487610566336585,1.4995,4.643,696.187,15.01393733935269,95.18153901526547
3.9049586628566617,1.4925573535642862,24.476701817612323,1.4995,4.643,701.031,15.119436728196971,95.18153901526547
3.9059975525664736,1.491070214533362,24.471384597582503,1.4995,4.643,705.922,15.225853612283444,95.18153901526547
3.906580084629706,1.493007284395587,24.46628263563222,1.4995,4.643,710.781,15.33171159328148,95.18153901526547
3.907396175846916,1.4931028277988183,24.46999894088194,1.4995,4.643,715.703,15.43894895187798,95.18153901526547
3.908212914744079,1.4940209135555569,24.480917111503445,1.4995,4.643,720.672,15.547276884366301,95.18153901526547
3.908983180741111,1.4916220656795458,24.481612179048927,1.4995,4.643,725.672,15.656105620215568,95.18153901526547
3.909825241349885,1.4907262383484927,24.474627812947617,1.4995,4.643,730.672,15.764868996508808,95.18153901526547
3.910509032045053,1.4929634791783772,24.48262476262204,1.4995,4.643,735.703,15.874470946831188,95.18153901526547
3.910959411735019,1.4934179894657695,24.48832034970779,1.4995,4.643,740.75,15.984454935072288,95.18153901526547
3.9119840021908407,1.488339194599353,24.492478892260348,1.4995,4.656,745.797,16.094064891315103,95.18153901526547
3.9128408370812697,1.488832567100804,24.50189459467452,1.4995,4.643,750.828,16.203363581694006,95.18153901526547
3.913428298463609,1.4906406170376594,24.495271559541848,1.4995,4.656,755.891,16.313491050886956,95.18153901526547
3.914354980496778,1.4915216052351723,24.495944490974665,1.4995,4.656,760.969,16.42401007108047,95.18153901526547
3.915232781348583,1.4931130782537052,24.509646913926797,1.4995,4.656,766.078,16.535322429135633,95.18153901526547
3.9155263138610144,1.4918851384715526,24.52001903104923,1.4995,4.656,771.266,16.64826304092843,95.18153901526547
3.916431492007054,1.493713191240881,24.516218363838902,1.4995,4.656,776.391,16.759968877893453,95.18153901526547
3.9171170574448775,1.4904335145629448,24.518973985370398,1.4995,4.656,781.625,16.873800023558324,95.18153901526547
3.9176895808372394,1.493519704035264,24.526147865024008,1.4995,4.656,786.797,16.986515682340286,95.18153901526547
3.918414876118848,1.493171412284896,24.527500565375234,1.4995,4.656,792.0,17.099880494619814,95.18153901526547
3.919056121086784,1.4922005926629192,24.53271806353246,1.4995,4.656,797.219,17.21351998719251,95.18153901526547
3.919849841170648,1.4923093677582324,24.536788795271725,1.4995,4.656,802.469,17.327842812667015,95.18153901526547
3.92042211605046,1.491409368182662,24.53262698363766,1.4995,4.656,807.75,17.442771332928547,95.18153901526547
3.921137157224046,1.494208017623247,24.541816253387392,1.4995,4.656,813.047,17.558264373783185,95.18153901526547
3.921842214622687,1.4902644126714866,24.54629282716436,1.4995,4.656,818.359,17.673778787403432,95.18153901526547
3.922475420849009,1.4907922207244664,24.55514157090426,1.4995,4.656,823.687,17.789682171058445,95.18153901526547
3.923169571200959,1.4933575044827687,24.549479063129134,1.4995,4.656,829.047,17.90648230995968,95.18153901526547
3.9238084600646927,1.490818981979178,24.55923521019542,1.4995,4.656,834.422,18.02341021354268,95.18153901526547
3.9244530141624994,1.490291788704946,24.55408612173131,1.4995,4.656,839.812,18.140622963343166,95.18153901526547
3.92485428204376,1.4910094509970744,24.550861290030117,1.4995,4.656,845.25,18.25893648468832,95.18153901526547
3.925658813379715,1.4917308852007136,24.558344457392103,1.4995,4.669,850.719,18.37798204015421,95.18153901526547
3.926126416700552,1.4910485707594323,24.559960335121964,1.4995,4.656,856.172,18.496625026383914,95.18153901526547
3.926534745305186,1.4929310550267505,24.56280308070879,1.4995,4.669,861.703,18.617117020343603,95.18153901526547
3.9271538749805712,1.4919898572431731,24.563908701004557,1.4995,4.669,867.203,18.736858147254797,95.18153901526547
3.928021268937665,1.4939869126523242,24.56675022674356,1.4995,4.669,872.781,18.85845996972116,95.18153901526547
3.9283613528237407,1.4921385048977034,24.57262212867078,1.4995,4.669,878.359,18.979911342575335,95.18153901526547
3.9289562930690622,1.4894467064771006,24.57692623890645,1.4995,4.669,883.922,19.10081760867039,95.18153901526547
3.929405705876615,1.4926134791179004,24.5867007364722,1.4995,4.669,889.531,19.222982828286334,95.18153901526547
3.9300307174890095,1.4912595283205408,24.5814580846042,1.4995,4.669,895.156,19.345385399053086,95.18153901526547
3.930665727570288,1.493335834731609,24.57678194120684,1.4995,4.669,900.828,19.468982558495117,95.18153901526547
3.931147072713365,1.4901986572173511,24.57619183158525,1.4995,4.669,906.484,19.59197214725043,95.18153901526547
3.9321292998768618,1.4921382078014804,24.583537234822654,1.4995,4.669,912.25,19.717516872321124,95.18153901526547
3.932334186609468,1.4932516398881248,24.59038194502463,1.4995,4.669,917.937,19.84143390619692,95.18153901526547
3.9328093172462752,1.49514156046004,24.602605028767304,1.4995,4.669,923.672,19.96655499553184,95.18153901526547
3.9337170127298986,1.4931989083094,24.61228109630496,1.4995,4.669,929.516,20.093888488257083,95.18153901526547
3.933990273861239,1.4916981461303256,24.604327355571257,1.4995,4.669,935.266,20.219047917937296,95.18153901526547
3.934625730351663,1.4920018279830254,24.624789376241168,1.4995,4.669,941.109,20.346257557582778,95.18153901526547
3.935303388210503,1.4913321602974865,24.618666600622436,1.4995,4.669,946.906,20.47240907088344,95.18153901526547
3.935375908247017,1.491315569004521,24.62411036935884,1.4995,4.669,952.766,20.59993014104024,95.18153901526547
3.935661898370088,1.4908450176789174,24.625192820221265,1.4995,4.669,958.641,20.72773729089829,95.18153901526547
3.9366499904221817,1.4921761079748277,24.628667861443905,1.4995,4.669,964.578,20.857008530023442,95.18153901526547
3.937223849316708,1.490580341992305,24.63923771558153,1.4995,4.681,970.531,20.98648953238079,95.18153901526547
3.9375840874290255,1.493306133769795,24.63497937667206,1.4995,4.681,976.5,21.116555958961953,95.18153901526547
3.937946148017077,1.4898595357973572,24.642462197685774,1.4995,4.681,982.578,21.248691851189317,95.18153901526547
3.938698480437452,1.492681984930644,24.64618136595798,1.4995,4.681,988.609,21.380054349868942,95.18153901526547
3.93910742990644,1.4913921498300131,24.646299783120845,1.4995,4.681,994.625,21.51097690157328,95.18153901526547
3.939674636927281,1.4939007316280386,24.64691812483498,1.4995,4.681,1000.656,21.642446655256343,95.18153901526547
3.940127696003511,1.4923916096343803,24.658414723363087,1.4995,4.681,1006.687,21.773783599648546,95.18153901526547
3.9405804592936335,1.490116060034493,24.67056034983771,1.4995,4.681,1012.766,21.90596398682509,95.18153901526547
3.941101435898903,1.493062197201875,24.668820609357425,1.4995,4.681,1018.875,22.039059313238408,95.18153901526547
3.9415658662375006,1.4894564365939955,24.669623683030625,1.4995,4.681,1024.984,22.171833213065494,95.18153901526547
3.9417215705879514,1.4896288860853917,24.67318912785853,1.4995,4.681,1031.125,22.30531805868105,95.18153901526547
3.9424068868899065,1.4916723405597454,24.664033467230123,1.4995,4.681,1037.25,22.438637753463674,95.18153901526547
3.942849080208818,1.4913047166498656,24.67669924246829,1.4995,4.681,1043.422,22.572947363966197,95.18153901526547
3.943339344651876,1.4924583424352582,24.68891304888275,1.4995,4.681,1049.656,22.70871110500894,95.18153901526547
3.9440688648346094,1.4913680771914282,24.68983102393148,1.4995,4.681,1055.906,22.84472386107255,95.18153901526547
3.9444461212148063,1.495391606335083,24.691128602185103,1.4995,4.681,1062.187,22.98178000628149,95.18153901526547
3.9446654286858407,1.4922596547230735,24.6986483242556,1.4995,4.681,1068.469,23.11857087583626,95.18153901526547
3.945076827883378,1.4908007026496564,24.71173614177646,1.4995,4.681,1074.812,23.25655498719771,95.18153901526547
3.945682457822997,1.4894612642369487,24.717559302506874,1.4995,4.681,1081.203,23.395458366498847,95.18153901526547
3.946093402553181,1.4929211014729795,24.724755168650848,1.4995,4.681,1087.547,23.53366052041749,95.18153901526547
3.9466731274110662,1.492574563008375,24.74249565795842,1.4995,4.681,1093.953,23.673180932754928,95.18153901526547
3.947195666931629,1.487844663317802,24.744390195122875,1.4995,4.681,1100.359,23.812259211364843,95.18153901526547
3.947828899691664,1.4942833070869728,24.73833969978815,1.4995,4.681,1106.781,23.9522882241305,95.18153901526547
3.9479622745861738,1.4903268689601037,24.751271076045203,1.4995,4.681,1113.219,24.092294429372473,95.18153901526547
3.948403356270896,1.4923266796401842,24.75511892579571,1.4995,4.681,1119.703,24.233490200732945,95.18153901526547
3.9491617601869047,1.4914956992900588,24.752891276508887,1.4995,4.681,1126.25,24.37597847519068,95.18153901526547
3.949543480412613,1.494819425884687,24.756198042241337,1.4995,4.694,1132.875,24.520485645368133,95.18153901526547
3.950286928823524,1.4915182761907029,24.76222282497699,1.4995,4.694,1139.422,24.66297607668332,95.18153901526547
3.9509490974969,1.4910785082532405,24.77061803641198,1.4995,4.694,1146.047,24.807121604904943,95.18153901526547
3.951212727542325,1.493260243752444,24.7844935989637,1.4995,4.681,1152.75,24.953177638655287,95.18153901526547
3.9517015556500814,1.491509570409538,24.782613886015533,1.4995,4.694,1159.391,25.09771306420405,95.18153901526547
3.952429979900436,1.4871089273735223,24.794211649902916,1.4995,4.694,1166.078,25.24282023840898,95.18153901526547
3.952832951424414,1.4896715419816124,24.796268215693782,1.4995,4.694,1172.812,25.389199116479013,95.18153901526547
3.953280996656657,1.4894452989578484,24.80936313235099,1.4995,4.694,1179.547,25.535577497323438,95.18153901526547
3.953690382495027,1.491141400072629,24.809441316944763,1.4995,4.694,1186.312,25.682775328084173,95.18153901526547
3.954185250531773,1.490566399024924,24.81594345639143,1.4995,4.694,1193.141,25.831308419635278,95.18153901526547
3.954794541821412,1.4933409940257116,24.82269081176861,1.4995,4.694,1199.906,25.978723383029067,95.18153901526547
3.9555682291907295,1.491571942838198,24.82427755068166,1.4995,4.694,1206.781,26.12835786649883,95.18153901526547
3.955849253347639,1.4898832781071971,24.83730841327785,1.4995,4.694,1213.609,26.2768011455236,95.18153901526547
3.956438669015153,1.491239376153684,24.84629209716397,1.4995,4.694,1220.469,26.426075863462188,95.18153901526547
3.956997705110033,1.4902081167234853,24.86154749707116,1.4995,4.694,1227.391,26.576595548305722,95.18153901526547
3.957364500617974,1.4914785232055372,24.86169639155935,1.4995,4.694,1234.312,26.727221787938316,95.18153901526547
3.958091167279628,1.4938287757259054,24.877150941380613,1.4995,4.694,1241.281,26.87913168392555,95.18153901526547
3.958446604339789,1.491696068138968,24.877385499662008,1.4995,4.694,1248.297,27.031847742253255,95.18153901526547
3.95912801189716,1.493573966071282,24.88682303141309,1.4995,4.694,1255.312,27.184734260776878,95.18153901526547
3.959723695901508,1.4941904921389109,24.901800540825917,1.4995,4.694,1262.359,27.338381591899186,95.18153901526547
3.960158172307547,1.4898366015011903,24.908959103123586,1.4995,4.694,1269.5,27.493624744460725,95.18153901526547
3.960868728593364,1.488850773146307,24.91232317281573,1.4995,4.694,1276.672,27.649438656828707,95.18153901526547
3.961353439777632,1.4893900186109117,24.925214787947237,1.4995,4.694,1283.766,27.803613815474336,95.18153901526547
3.962035579501987,1.4921158085117194,24.936085242058805,1.4995,4.707,1290.937,27.95974765329534,95.18153901526547
3.962661878788618,1.4908335461901154,24.94600820246553,1.4995,4.694,1298.141,28.11646520614032,95.18153901526547
3.963134544058746,1.4935753953554247,24.954391194879467,1.4995,4.707,1305.359,28.27377610375079,95.18153901526547
3.9637996894854624,1.4906871691827557,24.958189257720964,1.4995,4.707,1312.609,28.43147886617119,95.18153901526547
3.964242406493707,1.4916265541710418,24.961968930243792,1.4995,4.707,1319.859,28.58928100799908,95.18153901526547
3.96494082802596,1.4917914368685432,24.98003226796116,1.4995,4.707,1327.187,28.748798514149136,95.18153901526547
3.965599979712093,1.488357184595778,24.98676795320926,1.4995,4.707,1334.5,28.907623023542754,95.18153901526547
3.965997150775067,1.4894822835450892,24.991774963082047,1.4995,4.707,1341.875,29.067915134147537,95.18153901526547
3.9665855780799655,1.4897209499096935,24.997365497108326,1.4995,4.707,1349.266,29.228580737166897,95.18153901526547
3.9675015537344778,1.4937853572331434,25.008424631967344,1.4995,4.707,1356.672,29.39001164403831,95.18153901526547
3.968148191837048,1.487415214348041,25.01745464297859,1.4995,4.707,1364.141,29.55212151486023,95.18153901526547
3.968810210753608,1.490061279402193,25.02823925942837,1.4995,4.707,1371.625,29.714845918644873,95.18153901526547
3.969249692384465,1.4919647143010255,25.0423724516417,1.4995,4.707,1379.109,29.87777818992687,95.18153901526547
3.9696122037427055,1.4929820925090953,25.045556409552475,1.4995,4.707,1386.641,30.041867273988988,95.18153901526547
3.9705174449965,1.4930851166996075,25.047660224573,1.4995,4.707,1394.203,30.206621294004236,95.18153901526547
3.970939516922007,1.491382937915047,25.057181251073235,1.4995,4.707,1401.859,30.373233139857593,95.18153901526547
3.971647382293536,1.4919270447998725,25.07574046411616,1.4995,4.707,1409.406,30.5375328198223,95.18153901526547
3.9721313372347096,1.4934461889486197,25.08084222614334,1.4995,4.707,1416.984,30.70267536008069,95.18153901526547
3.972835953928695,1.4929180581678618,25.08275418284628,1.4995,4.707,1424.625,30.869131934078357,95.18153901526547
3.9733938462103287,1.4885033512698196,25.091266693829237,1.4995,4.707,1432.297,31.035769606868485,95.18153901526547
3.974379220947026,1.4923457992226528,25.10583215435146,1.4995,4.707,1440.031,31.204187572079984,95.18153901526547
3.974624183766067,1.492085197319967,25.11828975041897,1.4995,4.707,1447.734,31.37190117952871,95.18153901526547
3.97522251195588,1.491304555383608,25.128615150738508,1.4995,4.719,1455.516,31.541246169143978,95.18153901526547
3.9757606552293696,1.4908848873529648,25.142417145680877,1.4995,4.719,1463.344,31.711544232936102,95.18153901526547
3.976353744717701,1.4946579933333115,25.154274680812694,1.4995,4.707,1471.141,31.88159717268607,95.18153901526547
3.9769885791458,1.4908358831642805,25.169244697618243,1.4995,4.719,1478.969,32.05188963891763,95.18153901526547
3.97769924601744,1.491255869192112,25.172462913435115,1.4995,4.719,1486.844,32.223252817513355,95.18153901526547
3.9783747849723454,1.4910233771739447,25.185663336953343,1.4995,4.719,1494.797,32.396286326855176,95.18153901526547
3.978783429471705,1.4930873125399764,25.20393590259424,1.4995,4.719,1502.687,32.568186767170175,95.18153901526547
3.9796132648210247,1.4936299238695194,25.21448563489257,1.4995,4.719,1510.594,32.74052019457845,95.18153901526547
3.9802255047539994,1.4901757215640996,25.226689166492044,1.4995,4.719,1518.484,32.91208542089319,95.18153901526547
3.980978392742239,1.491061337671491,25.237450181282775,1.4995,4.719,1526.437,33.085123335557036,95.18153901526547
3.981307098031647,1.490364685895025,25.23697096932039,1.4995,4.719,1534.422,33.25877632045062,95.18153901526547
3.9819677140080394,1.4889835953733257,25.26174792420337,1.4995,4.719,1542.453,33.43326783801332,95.18153901526547
3.982718083861325,1.4911160279696445,25.27210367637295,1.4995,4.719,1550.531,33.60903189487883,95.18153901526547
3.982803438763789,1.4895073425962455,25.28470642543771,1.4995,4.719,1558.656,33.785627869088316,95.18153901526547
3.9836416224280566,1.4929314482969798,25.307838489290425,1.4995,4.719,1566.781,33.96262980523215,95.18153901526547
3.98454655377102,1.4925338542976925,25.311709763214267,1.4995,4.719,1574.922,34.139933067467595,95.18153901526547
3.984864490096745,1.4928266199645055,25.3263776269476,1.4995,4.719,1583.094,34.317946391394614,95.18153901526547
3.985503670795296,1.490511460549451,25.345939133180924,1.4995,4.719,1591.312,34.496684121151205,95.18153901526547
3.986446713015622,1.490242118209426,25.350028618773592,1.4995,4.719,1599.594,34.676781271272915,95.18153901526547
3.9869382250604537,1.4906621342017286,25.35446292574133,1.4995,4.732,1607.875,34.85690742897925,95.18153901526547
3.9874579459632367,1.490855044946482,25.36663545251032,1.4995,4.719,1616.047,35.034685650840416,95.18153901526547
3.988221475851384,1.4940485743482417,25.376258243320382,1.4995,4.732,1624.141,35.21114419763842,95.18153901526547
3.9887438611738655,1.493099025118156,25.38970226813469,1.4995,4.719,1632.281,35.388492811172725,95.18153901526547
3.989367025975104,1.4911001219886897,25.390681610506444,1.4995,4.732,1640.516,35.56767101969603,95.18153901526547
3.9898227616479134,1.4904314847406768,25.40791452166122,1.4995,4.732,1648.719,35.74607293337675,95.18153901526547
3.990561503875266,1.4904402502012015,25.42383911388065,1.4995,4.732,1656.953,35.925150099832734,95.18153901526547
3.9909707936788874,1.4916488040360174,25.43462179601292,1.4995,4.732,1665.25,36.10574374130882,95.18153901526547
3.9916684702413834,1.490864122911911,25.43943243779749,1.4995,4.732,1673.547,36.2862423815881,95.18153901526547
3.9921600085712834,1.4907426422287045,25.44965064608821,1.4995,4.732,1681.891,36.467748701211136,95.18153901526547
3.992772214221095,1.4911180209439747,25.47207750501979,1.4995,4.732,1690.281,36.65030161134755,95.18153901526547
3.993562178669533,1.491381166724352,25.475144825013267,1.4995,4.732,1698.719,36.83393132473255,95.18153901526547
3.994228914301508,1.4892333202526007,25.484605528541955,1.4995,4.732,1707.156,37.017274848723126,95.18153901526547
3.994721306169567,1.4893792944090154,25.49924658286894,1.4995,4.732,1715.625,37.20133180064609,95.18153901526547
3.995425394616913,1.4906327865230096,25.50823274422905,1.4995,4.732,1724.094,37.385543658668944,95.18153901526547
3.996001629475849,1.489221959573296,25.529404039625405,1.4995,4.732,1732.687,37.57227577708836,95.18153901526547
3.9968621039474224,1.4910709615902655,25.537636437943885,1.4995,4.732,1741.219,37.75791252007075,95.18153901526547
3.99727408654656,1.4919753828873223,25.536943102843733,1.4995,4.732,1749.812,37.94498988760835,95.18153901526547
3.9979436259876695,1.492571370977434,25.54442155951367,1.4995,4.732,1758.375,38.13148859754011,95.18153901526547
3.998522203105371,1.4923758546632178,25.563980435118037,1.4995,4.732,1767.062,38.32066319401803,95.18153901526547
3.999373213543367,1.490906560675208,25.593833896551757,1.4995,4.732,1775.797,38.51069579648592,95.18153901526547
3.999714036076423,1.491819447398409,25.60028711385285,1.4995,4.732,1784.531,38.70082298787985,95.18153901526547
4.000613645053166,1.490492412410178,25.618544980473104,1.4995,4.732,1793.328,38.8921512568737,95.18153901526547
4.001162402794327,1.4918049955092274,25.62951228982103,1.4995,4.732,1802.094,39.082973195752125,95.18153901526547
4.001819491647097,1.4887180100977957,25.652677849163467,1.4995,4.745,1810.656,39.26896869992134,95.18153901526547
4.002756325741553,1.4922129242958322,25.659219019614035,1.4995,4.745,1819.281,39.456772632356454,95.18153901526547
4.003407849657079,1.4900161729024668,25.67638493220452,1.4995,4.745,1827.891,39.64397395576401,95.18153901526547
4.00409990901702,1.489810816176438,25.693550456597503,1.4995,4.745,1836.562,39.83247557710891,95.18153901526547
4.00449029264002,1.4939256932233151,25.70621976426588,1.4995,4.745,1845.25,40.02186843155733,95.18153901526547
4.005622555984484,1.4929683605521622,25.71665242631852,1.4995,4.745,1854.0,40.212490614206985,95.18153901526547
4.006299418074356,1.4928201260672154,25.71936181686757,1.4995,4.745,1862.75,40.40309387027936,95.18153901526547
4.006705135714484,1.4904438922981214,25.73950512763456,1.4995,4.745,1871.531,40.59406793406538,95.18153901526547
4.007643576315158,1.492358731305672,25.75229166227096,1.4995,4.745,1880.344,40.78598419854544,95.18153901526547
4.008083972984266,1.4903119897444403,25.766496267969423,1.4995,4.745,1889.203,40.97863759853098,95.18153901526547
4.008794451698512,1.492150666136094,25.77555099259146,1.4995,4.745,1898.094,41.17222543589874,95.18153901526547
4.009627047519406,1.4914186329358647,25.795537679261137,1.4995,4.745,1907.0,41.36604474281865,95.18153901526547
4.010321976094375,1.4911165201053442,25.817783637220835,1.4995,4.745,1915.969,41.561195565586566,95.18153901526547
4.011150898379342,1.493534272721296,25.831527300128915,1.4995,4.745,1924.969,41.757338416418406,95.18153901526547
4.0118182736548205,1.4919696136859255,25.84485428985296,1.4995,4.757,1934.031,41.95462557448002,95.18153901526547
4.01268689720581,1.490367006844425,25.85833226998047,1.4995,4.757,1943.125,42.15239673339243,95.18153901526547
4.013575201219717,1.4913615403081724,25.860178693213875,1.4995,4.757,1952.203,42.34995167540385,95.18153901526547
4.0140895347567005,1.4917928742449598,25.87019102512578,1.4995,4.757,1961.312,42.548238569995036,95.18153901526547
4.014860267300556,1.4906878695506576,25.894435683697267,1.4995,4.757,1970.453,42.74707465669459,95.18153901526547
4.015909323777149,1.4896389306382325,25.907916073103,1.4995,4.757,1979.703,42.94814014240516,95.18153901526547
4.016571943262891,1.4924684595854605,25.92503956040276,1.4995,4.757,1988.891,43.148237304519164,95.18153901526547
4.017083832497484,1.4886233913185531,25.95128556056994,1.4995,4.757,1998.156,43.34949154666495,95.18153901526547
4.018047057532922,1.4909234714077169,25.97071608994611,1.4995,4.757,2007.391,43.550404081235136,95.18153901526547
4.018678040962938,1.489817494029938,25.97793011466549,1.4995,4.757,2016.062,43.73890654751027,95.18153901526547
4.019526760327119,1.489821585897068,25.98888163873021,1.4995,4.757,2024.734,43.92743127099256,95.18153901526547
4.020173970378421,1.4924976427704713,26.00776847520112,1.4995,4.757,2033.516,44.118690265156275,95.18153901526547
4.02098635568325,1.4893489332185654,26.01061048049969,1.4995,4.757,2042.297,44.30952402927306,95.18153901526547
4.021924867853471,1.49037653039642,26.033055064952254,1.4995,4.757,2051.078,44.50048946182097,95.18153901526547
4.022839314171492,1.4925176096295183,26.054160801147823,1.4995,4.757,2059.922,44.69310130120307,95.18153901526547
4.023603002631509,1.4920703625130962,26.055886509815164,1.4995,4.757,2068.75,44.8853070659936,95.18153901526547
4.024373642864844,1.4921496757539578,26.067900286377743,1.4995,4.757,2077.625,45.07854639973481,95.18153901526547
4.0249867941078215,1.491392424844168,26.07885947383587,1.4995,4.757,2086.531,45.27236230074704,95.18153901526547
4.0259677112096295,1.4924452521911216,26.096048033859173,1.4995,4.757,2095.469,45.46701191163933,95.18153901526547
4.026760096552987,1.4927011252800249,26.118670817621076,1.4995,4.77,2104.422,45.66202161673224,95.18153901526547
4.027550911232434,1.4931464439271478,26.13282513900681,1.4995,4.77,2113.422,45.858113534788906,95.18153901526547
4.028770124860211,1.493482811058656,26.152405330298283,1.4995,4.77,2122.5,46.055949473398925,95.18153901526547
4.029502814899834,1.4922459280240676,26.145922884640584,1.4995,4.77,2131.578,46.25362156685834,95.18153901526547
4.030350461898207,1.491214275292602,26.165457049250776,1.4995,4.77,2140.672,46.45150515798519,95.18153901526547
4.03108363780188,1.4927572530428703,26.178589656646057,1.4995,4.77,2149.797,46.650268753363925,95.18153901526547
4.032194605827459,1.4899197996646971,26.206787533367145,1.4995,4.77,2158.922,46.848654536185386,95.18153901526547
4.032807902130849,1.491263906340376,26.21211796006755,1.4995,4.77,2168.031,47.04687112114783,95.18153901526547
4.034174955658452,1.4933677728222658,26.23584328955697,1.4995,4.77,2177.234,47.24741572364976,95.18153901526547
4.034486002409925,1.4910844621498678,26.250380983273125,1.4995,4.77,2186.5,47.44902444784295,95.18153901526547
4.035609831640273,1.488968409003926,26.26644615608437,1.4995,4.77,2195.828,47.65169413718496,95.18153901526547
4.036206986642891,1.4931730093902544,26.282393880831577,1.4995,4.77,2205.219,47.85630880003895,95.18153901526547
4.03769218058162,1.4920781429586305,26.28999298223101,1.4995,4.77,2214.625,48.061100015592054,95.18153901526547
4.0385110331410425,1.493614761863063,26.31193696377417,1.4995,4.77,2224.0,48.265426496122124,95.18153901526547
4.039119380421277,1.4927835630648525,26.321267878785427,1.4995,4.783,2233.406,48.470314532235,95.18153901526547
4.040372465185135,1.4937793470921448,26.33567531245546,1.4995,4.783,2242.812,48.67533924203508,95.18153901526547
4.041425358798724,1.4926384027108128,26.346630004645125,1.4995,4.783,2252.328,48.882603218081215,95.18153901526547
4.042308112520285,1.4908888367168214,26.35810897735813,1.4995,4.783,2261.781,49.088253685821485,95.18153901526547
4.043578254094163,1.492994630793958,26.372940209202177,1.4995,4.783,2271.328,49.29624248583891,95.18153901526547
4.044763227824274,1.4922491984513828,26.396291115254456,1.4995,4.783,2280.875,49.504127439817495,95.18153901526547
4.045596585211806,1.491667369962851,26.41892874701312,1.4995,4.783,2290.469,49.71295436056698,95.18153901526547
4.046515546824931,1.49135976950268,26.41871330690733,1.4995,4.783,2300.094,49.92241283810678,95.18153901526547
4.047578797285047,1.495408449760098,26.43654959734693,1.4995,4.783,2309.766,50.133465531548616,95.18153901526547
4.04894213364793,1.4899745554587167,26.46530287730331,1.4995,4.783,2319.484,50.34475143728773,95.18153901526547
4.04951430813909,1.4920334030697868,26.47435308363441,1.4995,4.796,2329.25,50.557374341972036,95.18153901526547
4.050907247675336,1.4925806370682744,26.48528679229697,1.4995,4.783,2339.109,50.77210074581012,95.18153901526547
4.051811710601379,1.4876593910891116,26.50172144199862,1.4995,4.796,2348.953,50.9857935479688,95.18153901526547
4.052913178841101,1.490512794770869,26.519531115990727,1.4995,4.796,2358.875,51.20159268913746,95.18153901526547
4.054171211865128,1.4916220254389607,26.52970614629884,1.4995,4.796,2368.844,51.41857541682002,95.18153901526547
4.0551493337377895,1.494629682472639,26.53942051741657,1.4995,4.796,2378.766,51.634970608444256,95.18153901526547
4.056280399287931,1.490327152073119,26.57031491022822,1.4995,4.796,2388.625,51.849372820264094,95.18153901526547
4.057908438905509,1.4937636714509508,26.58043757061709,1.4995,4.796,2398.609,52.06699404308824,95.18153901526547
4.058861465970361,1.4880038926400605,26.59656106564995,1.4995,4.796,2408.625,52.28447095823838,95.18153901526547
4.059974632682632,1.4921285783877536,26.602088150850275,1.4995,4.796,2418.687,52.50355227483302,95.18153901526547
4.061097630284725,1.4906820100046554,26.63515500131256,1.4995,4.796,2428.781,52.72311726442875,95.18153901526547
4.062193525513061,1.489436590889539,26.65501720490875,1.4995,4.796,2438.953,52.94419405503207,95.18153901526547
4.063614841736159,1.4951042726513988,26.67229247042635,1.4995,4.808,2449.141,53.16646116351645,95.18153901526547
4.064797942516532,1.4912908031498648,26.69346879660859,1.4995,4.808,2459.406,53.38983693943881,95.18153901526547
4.065993089373401,1.4928935381292043,26.69538106476895,1.4995,4.808,2469.719,53.6144984304347,95.18153901526547
4.067212220410481,1.4910981056756227,26.72968515419138,1.4995,4.808,2480.062,53.839542474726876,95.18153901526547
4.068427201793301,1.4926431174345414,26.74013258656872,1.4995,4.808,2490.391,54.06451477093475,95.18153901526547
4.06965086182086,1.4910290725749713,26.763607738191176,1.4995,4.808,2500.812,54.29124544975209,95.18153901526547
4.070932484089719,1.4917292460536808,26.776540436521053,1.4995,4.808,2510.578,54.503825010401265,95.18153901526547
4.072106362624344,1.492328403234341,26.78710829239822,1.4995,4.808,2520.297,54.7154664796792,95.18153901526547
4.0732211873228,1.490651915016029,26.78902989105513,1.4995,4.808,2530.094,54.92856681408726,95.18153901526547
4.074941569862253,1.4923446831088756,26.820307666673493,1.4995,4.808,2539.969,55.143607693661046,95.18153901526547
4.0760236391112,1.4898797934780312,26.82402167202178,1.4995,4.808,2549.766,55.35659764726438,95.18153901526547
4.077372426194853,1.4933990849038234,26.840199841076856,1.4995,4.821,2559.672,55.572466003905554,95.18153901526547
4.078677356074787,1.487965919065815,26.86236129975751,1.4995,4.821,2569.578,55.78754900545131,95.18153901526547
4.079905977325656,1.4932096425362322,26.88420873912883,1.4995,4.821,2579.547,56.00476268003758,95.18153901526547
4.081223787693995,1.4915084180289562,26.899287635335057,1.4995,4.821,2589.531,56.222055342851306,95.18153901526547
4.082484236770704,1.4915532008456718,26.90663214242412,1.4995,4.821,2599.625,56.44174865156987,95.18153901526547
4.083884250494177,1.4934002194251,26.92578617076362,1.4995,4.821,2609.641,56.660014258542745,95.18153901526547
4.085196100769945,1.4871542946188017,26.949362530746047,1.4995,4.821,2619.703,56.878365227462936,95.18153901526547
4.086882068148328,1.4929601067008922,26.96206071047533,1.4995,4.821,2629.812,57.09859254072227,95.18153901526547
4.088083131197358,1.490542401079933,26.974448619546987,1.4995,4.821,2639.922,57.3184849669746,95.18153901526547
4.089422746521587,1.4888956896072685,26.98401342139706,1.4995,4.834,2650.109,57.53980736116161,95.18153901526547
4.090948818898473,1.4892954494667152,27.00995435031613,1.4995,4.834,2660.312,57.76153688788317,95.18153901526547
4.092489023049852,1.4898505571019487,27.000867369263556,1.4995,4.834,2670.531,57.98369689858684,95.18153901526547
4.0937353830457495,1.494138327627058,27.030881039496894,1.4995,4.834,2680.766,58.20684512234309,95.18153901526547
4.09513033005474,1.4918173075005083,27.05148044126328,1.4995,4.834,2691.125,58.432346009739135,95.18153901526547
4.096622369601155,1.491498368587945,27.061854127892733,1.4995,4.834,2701.391,58.655774640180155,95.18153901526547
4.098118552621949,1.4922313457637604,27.075893408713487,1.4995,4.834,2711.719,58.880663099213514,95.18153901526547
4.099682558256204,1.4906090186939298,27.1051455971913,1.4995,4.834,2722.125,59.10700363881415,95.18153901526547
4.100912313436627,1.4901285469368737,27.112577343689743,1.4995,4.834,2732.547,59.33361912475888,95.18153901526547
4.102691633034457,1.4904914148851078,27.130915614313068,1.4995,4.846,2742.984,59.5606160335972,95.18153901526547
4.104280914068455,1.4892585889852252,27.15237251754956,1.4995,4.846,2753.5,59.78914195661809,95.18153901526547
4.105996900266567,1.4884425127597842,27.16243362241296,1.4995,4.846,2764.031,60.017868443451704,95.18153901526547
4.107246247905326,1.4948164841010048,27.17390021099997,1.4995,4.846,2774.562,60.247574407866466,95.18153901526547
4.108940110835386,1.4901687321234376,27.192027546942978,1.4995,4.846,2785.203,60.47895805937452,95.18153901526547
4.110445731292684,1.491416484063157,27.21789237250236,1.4995,4.846,2795.859,60.710861894850375,95.18153901526547
4.112160963459384,1.4915082657578222,27.22797871671781,1.4995,4.846,2806.625,60.945174051202656,95.18153901526547
4.113733106759795,1.492810917152425,27.24290846815957,1.4995,4.859,2817.328,61.17831851579899,95.18153901526547
4.115430791706713,1.4913817494805244,27.275753096143163,1.4995,4.859,2828.156,61.4139600556753,95.18153901526547
4.116971195272819,1.4903486046374426,27.27745303863631,1.4995,4.859,2838.969,61.64911214896095,95.18153901526547
4.118760258701624,1.492651865140835,27.293837283046464,1.4995,4.859,2849.797,61.88495436985681,95.18153901526547
4.120247848574143,1.4930057296479358,27.31953819196224,1.4995,4.859,2860.687,62.122203230240366,95.18153901526547
4.121849497277089,1.49187932492881,27.338142628950983,1.4995,4.859,2871.594,62.359643178699585,95.18153901526547
4.123541565382182,1.4896680469577683,27.35393360256991,1.4995,4.859,2882.578,62.598404958397815,95.18153901526547
4.125230647326744,1.4919690901763123,27.36698558673,1.4995,4.859,2893.578,62.83788387885707,95.18153901526547
4.126959362961833,1.4909793609988964,27.37066827843758,1.4995,4.872,2904.672,63.07924903459076,95.18153901526547
4.128584620309382,1.4927642931786285,27.39468011048365,1.4995,4.872,2915.734,63.32020610436475,95.18153901526547
4.130568300177863,1.4930724538298754,27.412289938498525,1.4995,4.872,2926.812,63.561561506990486,95.18153901526547
4.132177470765531,1.4924519537815517,27.43187397748597,1.4995,4.872,2937.969,63.80453705637825,95.18153901526547
4.134085679127806,1.4914601907921337,27.446475723765737,1.4995,4.872,2949.156,64.04800404539925,95.18153901526547
4.135583626850004,1.492777692599282,27.477175223056108,1.4995,4.872,2960.328,64.29135936517176,95.18153901526547
4.136946313654951,1.490731605597622,27.50205014955137,1.4995,4.872,2971.578,64.53607784291907,95.18153901526547
4.139682093907895,1.4928821178041851,27.504920178433164,1.4995,4.872,2982.891,64.78252174915006,95.18153901526547
4.141156804015533,1.4921869261552163,27.540922283347456,1.4995,4.884,2994.312,65.03120248452186,95.18153901526547
4.14279524148974,1.4918363596673392,27.54516614002346,1.4995,4.884,3005.703,65.27917172993529,95.18153901526547
4.144620035119136,1.4914397296725472,27.56154294219346,1.4995,4.884,3016.516,65.51449598450941,95.18153901526547
4.146440087102074,1.4917863878110718,27.57793107836322,1.4995,4.884,3027.281,65.74883006498415,95.18153901526547
4.147822059638099,1.4889952034002578,27.592846310316432,1.4995,4.884,3038.078,65.98342097552556,95.18153901526547
4.149860781580735,1.491693078510382,27.61467302046741,1.4995,4.884,3048.937,66.21978647634654,95.18153901526547
4.151336124481367,1.4909401571899763,27.633456699005414,1.4995,4.884,3059.812,66.4563807661343,95.18153901526547
4.152856351438963,1.489834116875966,27.6613507337428,1.4995,4.897,3070.719,66.69349520965051,95.18153901526547
4.155077502552239,1.493208177692232,27.66581130430864,1.4995,4.897,3081.641,66.93147348495302,95.18153901526547
4.156677118071933,1.4938076814966426,27.699886468159225,1.4995,4.897,3092.672,67.17192324818487,95.18153901526547
4.158296234113727,1.491509474881461,27.71589670323919,1.4995,4.897,3103.687,67.41165485644441,95.18153901526547
4.159799128571963,1.493578170421603,27.750479975129064,1.4995,4.897,3114.75,67.65276509387893,95.18153901526547
4.161808410785085,1.4951711303165962,27.76292765959821,1.4995,4.897,3125.844,67.89480882845858,95.18153901526547
4.163183656017789,1.494060066761995,27.77698864948892,1.4995,4.897,3137.047,68.13904904418365,95.18153901526547
4.16568030804126,1.4936169315189247,27.80794735148584,1.4995,4.91,3148.203,68.38219246050295,95.18153901526547
4.167165485037325,1.492351007222449,27.832251931846823,1.4995,4.91,3159.516,68.62854869138111,95.18153901526547
4.168800419568575,1.4877107820800668,27.86552219994474,1.4995,4.91,3170.797,68.87344423967112,95.18153901526547
4.170733811853137,1.4936283361070992,27.883226627721186,1.4995,4.91,3182.078,69.11931389035753,95.18153901526547
4.172363294936814,1.4917842726624186,27.91002975248284,1.4995,4.91,3193.391,69.36557656510215,95.18153901526547
4.174101065122982,1.4907528135535786,27.950125078890515,1.4995,4.91,3204.812,69.61401829812772,95.18153901526547
4.176168812856587,1.4926055253260777,27.96258837888121,1.4995,4.91,3216.203,69.86211539230067,95.18153901526547
4.1777797267796215,1.4919455420588446,27.993063322039152,1.4995,4.922,3227.656,70.11145255470839,95.18153901526547
4.179511328148303,1.4939267467384616,28.0239518341371,1.4995,4.922,3239.109,70.36112082032265,95.18153901526547
4.181302404163892,1.4899960839991404,28.056338990378684,1.4995,4.922,3250.609,70.61115406006738,95.18153901526547
4.183109607055536,1.491026327543336,28.083511151049297,1.4995,4.922,3262.141,70.86205640863788,95.18153901526547
4.185096350975404,1.4871350241055603,28.12496818927732,1.4995,4.922,3274.094,71.12143976302453,95.18153901526547
4.187079503279586,1.4907641021896043,28.17148266898248,1.4995,4.922,3285.812,71.37634408600721,95.18153901526547
4.188966986957303,1.489849911241503,28.201447797841944,1.4995,4.922,3297.516,71.6307877339266,95.18153901526547
4.190979096832876,1.489756289603905,28.23249672164234,1.4995,4.935,3309.328,71.88756315304873,95.18153901526547
4.193088924408308,1.491811839317925,28.25252519647847,1.4995,4.935,3321.219,72.1464125809253,95.18153901526547
4.194998714353072,1.4903060419315457,28.28703775436851,1.4995,4.935,3333.141,72.40567487554974,95.18153901526547
4.196995422245267,1.4878573359074765,28.3241834180945,1.4995,4.935,3345.109,72.6655098764153,95.18153901526547
4.198974371212043,1.4894153571225366,28.355848350228836,1.4995,4.935,3357.047,72.92496495908746,95.18153901526547
4.201098084370979,1.492616909856216,28.374860724715248,1.4995,4.935,3369.062,73.18665483026332,95.18153901526547
4.202532465163751,1.4862239294542856,28.410253573286205,1.4935,4.935,3381.516,73.45674444896166,95.18153901526547
4.204698231365004,1.482334785177709,28.447773821451385,1.4897,4.935,3393.75,73.72136864834664,95.18153901526547
4.206140427997001,1.4755963864805857,28.49211705955244,1.4864,4.935,3406.031,73.98580191814895,95.18153901526547
4.208273523127221,1.4745951913706223,28.524918486227573,1.4826,4.935,3419.031,74.26552670170679,95.18153901526547
4.208317827524899,1.4494838939403156,28.55753704998364,1.4553,4.922,3431.516,74.52959527651004,95.18153901526547
4.207820032962109,1.4225446558245172,28.580391317783693,1.4302,4.91,3444.062,74.79002225514677,95.18153901526547
4.207341820405993,1.396644519817641,28.60928091278449,1.4046,4.897,3456.734,75.04827552361776,95.18153901526547
4.208313705057976,1.3960022460243482,28.63129698805809,1.403,4.897,3469.422,75.30673595677189,95.18153901526547
4.208284173155912,1.370165218118235,28.644670042530272,1.3763,4.884,3482.078,75.55977304749449,95.18153901526547
4.207402451926763,1.3406108311469669,28.659530373262168,1.3512,4.872,3494.844,75.80950398340863,95.18153901526547
4.208576828145928,1.342519941345684,28.680538563956198,1.349,4.872,3507.672,76.06080513419663,95.18153901526547
4.208098774019849,1.3201389747267656,28.694342054894964,1.324,4.859,3519.812,76.29466361311243,95.18153901526547
4.207222279977686,1.2921634344731203,28.705549979106053,1.2994,4.846,3531.922,76.52300065540146,95.18153901526547
4.2082031761349885,1.291598718742272,28.69934805296949,1.2972,4.846,3544.109,76.75268912680048,95.18153901526547
4.207812122446089,1.2656939934285605,28.714632720043333,1.2711,4.834,3556.391,76.97952544675574,95.18153901526547
4.208314237351454,1.2619406718217283,28.70199093811693,1.2689,4.834,3568.625,77.20480521708248,95.18153901526547
4.209630715421604,1.2596755995263282,28.709229499770096,1.2667,4.834,3581.0,77.4322723771101,95.18153901526547
4.209317272568328,1.232659336106732,28.71481831414117,1.2416,4.821,3593.359,77.65457325739162,95.18153901526547
4.208667220267591,1.210992264815711,28.70845893804877,1.2171,4.808,3605.766,77.87381484190317,95.18153901526547
4.207686093263868,1.1840273493097588,28.705326688386368,1.192,4.796,3618.25,78.08950497324047,95.18153901526547
4.208799505221049,1.1832577456638949,28.68217703867069,1.1904,4.796,3630.75,78.30533116609345,95.18153901526547
4.209790442470015,1.1815967391372344,28.676211979317483,1.1882,4.796,3643.266,78.52113026111238,95.18153901526547
4.209421108385031,1.1528427092149902,28.64565461109731,1.1621,4.783,3655.781,78.7316610860189,95.18153901526547
4.208640547845451,1.129713202614528,28.64635704092997,1.1375,4.77,3668.344,78.93875929585502,95.18153901526547
4.207521457849532,1.1080195686878571,28.636966362609503,1.113,4.757,3681.016,79.14364298034535,95.18153901526547
4.208318828752774,1.1061877334857726,28.62011374077564,1.1114,4.757,3693.687,79.34817179905224,95.18153901526547
4.209154156029663,1.1052588213048158,28.59031900276328,1.1097,4.757,3706.437,79.55380297322493,95.18153901526547
4.2088816959327655,1.0761430641356344,28.56200286312245,1.0847,4.745,3719.234,79.75475526418124,95.18153901526547
4.209777760995684,1.0765361750655933,28.532364706606096,1.0825,4.745,3732.109,79.95700624976229,95.18153901526547
4.208975768033724,1.0503255035051084,28.50923979998917,1.0569,4.732,3744.922,80.15338275091479,95.18153901526547
4.209895250956189,1.0507057623817493,28.491918509235163,1.0552,4.732,3757.859,80.35173150327095,95.18153901526547
4.209115041682055,1.0212579938840725,28.462346043644533,1.0302,4.719,3770.781,80.54429767053493,95.18153901526547
4.208359978697146,1.001659199871091,28.43693152551238,1.0062,4.707,3783.859,80.73544846090064,95.18153901526547
4.20858160835022,1.0013819601650071,28.38800448498097,1.0045,4.707,3796.953,80.92678013908775,95.18153901526547
4.209869575610767,0.997595435487608,28.35431199831447,1.0029,4.707,3810.187,81.11942630255237,95.18153901526547
4.208891036394808,0.9707587384264448,28.33363396583735,0.9778,4.694,3823.375,81.30623841348766,95.18153901526547
4.209880332323841,0.96950295299652,28.28699545547133,0.9762,4.694,3836.766,81.49568070009498,95.18153901526547
4.208784069959197,0.944548005916356,28.23697810843546,0.9506,4.681,3850.156,81.6802329709168,95.18153901526547
4.20941581347135,0.9464704831711278,28.20661842341083,0.9495,4.681,3863.594,81.86582379154521,95.18153901526547
4.21008445044068,0.9415503191598146,28.17327015568232,0.9473,4.681,3877.125,82.05172756699776,95.18153901526547
4.209323863803424,0.9192829830081723,28.12362561592308,0.9222,4.669,3890.672,82.23344940991635,95.18153901526547
4.210236811757784,0.9154209479349428,28.07909788524709,0.9217,4.669,3904.312,82.41565009159112,95.18153901526547
4.210905559679249,0.9127286313209374,28.044092330628946,0.92,4.669,3917.984,82.59774110151984,95.18153901526547
4.21038600398352,0.887776571060436,28.01178590805029,0.8955,4.656,3931.547,82.7734420970109,95.18153901526547
4.209088349909785,0.8645223897306015,27.96387830547482,0.8715,4.643,3945.375,82.94788383179235,95.18153901526547
4.209786494685806,0.8647533517888327,27.91740764588291,0.8699,4.643,3959.172,83.12198099680033,95.18153901526547
4.208438150305492,0.8423646290757931,27.88040540527183,0.8454,4.631,3972.812,83.28964092416221,95.18153901526547
4.2089297441434175,0.8389591126025879,27.84132528323836,0.8443,4.631,3986.531,83.45759016015307,95.18153901526547
4.209515975951392,0.8342197130074612,27.799938712861127,0.8432,4.631,4000.281,83.62496798789452,95.18153901526547
4.210309519855672,0.8353582489690017,27.76392944149844,0.8416,4.631,4013.578,83.78705238693199,95.18153901526547
4.211018998514379,0.835175451201644,27.73199414747277,0.8399,4.631,4026.797,83.94815074118766,95.18153901526547
4.210371269677237,0.8083361104192718,27.69278148136308,0.8159,4.618,4040.156,84.10572334476785,95.18153901526547
4.210640160907424,0.8084025733006199,27.66234248550248,0.8143,4.618,4053.531,84.26349764360538,95.18153901526547
4.209604585626278,0.7859701455411016,27.632442700179546,0.7903,4.605,4067.047,84.41851096220452,95.18153901526547
4.210212612215071,0.7844426838511847,27.590516158294623,0.7892,4.605,4080.469,84.57214704733983,95.18153901526547
4.210881921333698,0.7854265077467486,27.561713334980464,0.7881,4.605,4094.016,84.72740843594708,95.18153901526547
4.209707518737819,0.7631090589717586,27.52354607848014,0.7642,4.593,4107.531,84.8779018310877,95.18153901526547
4.210220065369253,0.7605354446144473,27.48901444056716,0.7631,4.593,4121.078,85.02824280895285,95.18153901526547
4.210859638446335,0.7548287443239007,27.453381023394037,0.762,4.593,4134.75,85.17883250632902,95.18153901526547
4.2113080642723695,0.7590725553869438,27.425779633408908,0.7609,4.593,4148.469,85.33078944180276,95.18153901526547
4.211784966672823,0.7566846697758542,27.392266907894008,0.7593,4.593,4162.25,85.48295292770072,95.18153901526547
4.211220796261255,0.7345362107636159,27.35983471830621,0.7364,4.58,4176.0,85.63033025940129,95.18153901526547
4.20993281780044,0.712197779858426,27.337863409394632,0.7124,4.567,4189.719,85.77290344467912,95.18153901526547
4.210285775104915,0.7067073365629913,27.29296505931126,0.7118,4.567,4203.531,85.91533655247143,95.18153901526547
4.210760324717598,0.7065490571147223,27.25008501232428,0.7113,4.567,4217.359,86.05790271928836,95.18153901526547
4.209733176405539,0.6826910677795316,27.23428274495735,0.6868,4.555,4231.312,86.19690009337182,95.18153901526547
4.210083636613422,0.6828175607662182,27.21266394361673,0.6862,4.555,4245.359,86.33685980695523,95.18153901526547
4.210845306808687,0.6784878970488678,27.168156778510845,0.6857,4.555,4259.375,86.47562513756309,95.18153901526547
4.211334661712692,0.6761858362963074,27.140322607616906,0.6835,4.555,4273.469,86.61468926577999,95.18153901526547
4.21199916058982,0.6775080613062237,27.12027233005076,0.6829,4.555,4287.547,86.75386714315438,95.18153901526547
4.211033802013574,0.6549214808851439,27.0940661087195,0.6584,4.542,4301.75,86.88959972278366,95.18153901526547
4.211405353934179,0.6530003149632932,27.06285155253076,0.6579,4.542,4315.844,87.02389552528541,95.18153901526547
4.211862335535138,0.6517936073584311,27.032638047528238,0.6568,4.542,4330.047,87.15897985263571,95.18153901526547
4.210787734276684,0.6261414466183923,27.01233375212186,0.6312,4.529,4344.203,87.28831834285766,95.18153901526547
4.211055096347755,0.6275473249824746,26.98845417752728,0.6312,4.529,4358.547,87.41966878531329,95.18153901526547
4.2116784904260856,0.626735446637893,26.95566097196981,0.6295,4.529,4372.922,87.55113280044439,95.18153901526547
4.210514981318107,0.601057304993423,26.92944351945285,0.6061,4.517,4387.312,87.67734212849294,95.18153901526547
4.210575300594558,0.5987848988947597,26.903838896616165,0.605,4.517,4401.641,87.80254131372347,95.18153901526547
4.21123969226244,0.6015934283601818,26.88498896233266,0.6044,4.517,4416.172,87.9301009778655,95.18153901526547
4.211737629559801,0.6014450511768408,26.85223297699985,0.6028,4.517,4430.672,88.05735711580712,95.18153901526547
4.210602499158208,0.5765935620211824,26.83423283726592,0.5794,4.504,4445.266,88.18014596008645,95.18153901526547
4.211004995757165,0.5769612699044168,26.79849383322647,0.5788,4.504,4459.875,88.30313939510019,95.18153901526547
4.211738280543021,0.5769969507470903,26.769682934181034,0.5777,4.504,4474.547,88.42667086729978,95.18153901526547
4.210395976533921,0.5512605495742269,26.739854692041888,0.5538,4.491,4489.219,88.54469233546575,95.18153901526547
4.209975142899775,0.5482787292486979,26.71522246883623,0.5538,4.491,4503.922,88.6623234293316,95.18153901526547
4.210895645053948,0.5480248628435475,26.691058464344493,0.5527,4.491,4517.969,88.77465417072919,95.18153901526547
4.211496364260397,0.5480914296509249,26.67761656858213,0.5516,4.491,4532.031,88.8871185228196,95.18153901526547
4.211824198085074,0.549387273458794,26.66223976423896,0.5505,4.491,4546.156,89.00035382205658,95.18153901526547
4.210709581767229,0.5227418768976395,26.632485055004977,0.5254,4.479,4560.297,89.10821923140556,95.18153901526547
4.211042752602366,0.5220196648459826,26.60504481335061,0.5249,4.479,4574.516,89.21652976578075,95.18153901526547
4.211155999332866,0.5219565993877247,26.585908521355567,0.5243,4.479,4588.703,89.324583490626,95.18153901526547
4.211892335796249,0.519904374153638,26.5619353000416,0.5227,4.479,4602.969,89.43281169967685,95.18153901526547
4.212159955186858,0.5190496778280126,26.533375761816306,0.5221,4.479,4617.344,89.54168755003099,95.18153901526547
4.212616543405516,0.5161571670818862,26.511565071365265,0.5211,4.479,4631.734,89.6500696438574,95.18153901526547
4.211471856620833,0.4930664072465054,26.493863216027574,0.4971,4.466,4646.078,89.75327220432348,95.18153901526547
4.2116908984466805,0.4963663854783749,26.463638517575184,0.4965,4.466,4660.531,89.85795495996923,95.18153901526547
4.212351984790318,0.4916914109899928,26.449736056099997,0.496,4.466,4675.062,89.96221140342536,95.18153901526547
4.212744767317829,0.4958450658444485,26.41998551616484,0.4949,4.466,4689.406,90.06599555833338,95.18153901526547
4.211414682730503,0.4668666144024733,26.40170992049581,0.4709,4.453,4704.016,90.16552643181222,95.18153901526547
4.211613131498995,0.4679476069009536,26.3860325323843,0.4709,4.453,4718.625,90.2652809328184,95.18153901526547
4.21013223999815,0.4412086882603158,26.35209397062114,0.4475,4.44,4733.266,90.35954139772184,95.18153901526547
4.210401041372942,0.4461177464836698,26.332163380930854,0.4475,4.44,4747.937,90.45504593343993,95.18153901526547
4.210384652244695,0.4472240265801404,26.324535350016564,0.4469,4.44,4762.734,90.551609563171,95.18153901526547
4.210950752330446,0.444179719079004,26.297520819328355,0.4464,4.44,4777.547,90.6476195762294,95.18153901526547
4.211301223133855,0.4415563755110882,26.26821410236837,0.4453,4.44,4792.406,90.74335893696981,95.18153901526547
4.21167236761639,0.4425691217276332,26.2434396136048,0.4442,4.44,4807.266,90.83932434185284,95.18153901526547
4.210190292670244,0.4189580026048775,26.225275662935008,0.4197,4.428,4822.187,90.93054289964984,95.18153901526547
4.210105083778181,0.4172587762010577,26.19514967709633,0.4197,4.428,4837.187,91.02187249214005,95.18153901526547
4.210736521409156,0.4149859171815163,26.170936361714997,0.4191,4.428,4852.172,91.1126137691849,95.18153901526547
4.210907248540719,0.4150615827047395,26.15115484381568,0.418,4.428,4867.109,91.20308087558968,95.18153901526547
4.211508509727427,0.4150853419845707,26.13678597972841,0.418,4.428,4882.156,91.29421942230582,95.18153901526547
4.211697099337836,0.4151864316574858,26.1169120036256,0.4164,4.428,4897.312,91.38604053044097,95.18153901526547
4.212323509824865,0.4148313628003692,26.10316480307043,0.4159,4.428,4912.484,91.47787996434921,95.18153901526547
4.212503843576878,0.4155332390565467,26.065433560049577,0.4148,4.428,4927.641,91.56978383459695,95.18153901526547
4.213042673377354,0.4090206638055638,26.05667558449084,0.4142,4.428,4942.797,91.66024134413277,95.18153901526547
4.211833314194152,0.387010791123586,26.043450927424555,0.3902,4.415,4958.0,91.74609665223261,95.18153901526547
4.212217675966915,0.3876905588595178,26.02048588593876,0.3902,4.415,4973.187,91.83201224659042,95.18153901526547
4.212356853038749,0.3863941349528559,25.99601093009448,0.3897,4.415,4988.453,91.91808596490598,95.18153901526547
4.212766666153272,0.3858414057760362,25.968230109968072,0.3881,4.415,5003.812,92.00456016481424,95.18153901526547
4.211226198665451,0.3623899993308915,25.96392680959715,0.3652,4.402,5017.953,92.07933769336005,95.18153901526547
4.211126993823629,0.3636598148138864,25.940888833233945,0.3652,4.402,5032.172,92.15479115139192,95.18153901526547
4.211706756257398,0.3617416376733096,25.92331935476926,0.3646,4.402,5046.391,92.22984661906996,95.18153901526547
4.2118034514328855,0.3607252956839943,25.896597908460645,0.3641,4.402,5060.656,92.30493334276322,95.18153901526547
4.211873218333774,0.3620519753622218,25.889259282052357,0.3635,4.402,5074.969,92.3805498082531,95.18153901526547
4.21240494919319,0.3618347078526372,25.874573378244538,0.3624,4.402,5089.312,92.45627929302421,95.18153901526547
4.2127258860486965,0.3590165227490686,25.856315535881198,0.3624,4.402,5103.656,92.53142419004578,95.18153901526547
4.211262623925965,0.3363706931464936,25.836723072893022,0.339,4.39,5118.047,92.60205983324742,95.18153901526547
4.211364771334617,0.3369686098670678,25.82057064827313,0.339,4.39,5132.484,92.67304721913861,95.18153901526547
4.211577857331373,0.3348795253724497,25.80830966210492,0.3379,4.39,5146.719,92.74260742326413,95.18153901526547
4.211774290728449,0.335324066859987,25.798025321653547,0.3379,4.39,5161.25,92.81370830856469,95.18153901526547
4.211758349359875,0.3341019912981725,25.76576276735476,0.3368,4.39,5175.766,92.88447694120808,95.18153901526547
4.212299583185215,0.3340610043375149,25.75432766455938,0.3368,4.39,5190.375,92.9556902315463,95.18153901526547
4.21279203460982,0.3349413859354603,25.738235265669967,0.3363,4.39,5204.891,93.02663666262335,95.18153901526547
4.212934596685099,0.3325795227850568,25.723136086486,0.3352,4.39,5219.531,93.09768458185846,95.18153901526547
4.2132985716930165,0.3315903795839177,25.71001450848986,0.3346,4.39,5234.359,93.169430844015,95.18153901526547
4.213798496174162,0.3296845957388122,25.69145093206754,0.3341,4.39,5249.047,93.24009124541904,95.18153901526547
4.212033172344844,0.309092551661958,25.68684025281385,0.3096,4.377,5263.922,93.30718163210915,95.18153901526547
4.212192171255579,0.3092509269574873,25.67222470062036,0.3096,4.377,5278.859,93.37458617562898,95.18153901526547
4.212202313495073,0.3097679853430567,25.646709011644457,0.309,4.377,5293.844,93.44232038398127,95.18153901526547
4.212792680652592,0.3071159164783605,25.625369187503058,0.309,4.377,5308.672,93.50877110273781,95.18153901526547
4.211276185501736,0.282954797781017,25.615370252463308,0.2856,4.364,5323.75,93.57102629547968,95.18153901526547
4.211010069331489,0.2857880994470425,25.60373297178074,0.2856,4.364,5338.859,93.63403414283495,95.18153901526547
4.211199861618426,0.2826791970092679,25.58011988464332,0.2856,4.364,5353.969,93.6963606937461,95.18153901526547
4.21118524032395,0.2833980629687393,25.577495810910893,0.2856,4.364,5368.969,93.75839085603316,95.18153901526547
4.211540579746361,0.2814241835289159,25.537682022002567,0.285,4.364,5384.203,93.82094990629405,95.18153901526547
4.2118591186071415,0.282508388320046,25.54314934188525,0.2845,4.364,5399.531,93.88413747135496,95.18153901526547
4.212032417459538,0.2844066944625939,25.51642794208982,0.2839,4.364,5414.844,93.94768737232087,95.18153901526547
4.212519488029537,0.2800132068632119,25.505037741673792,0.2834,4.364,5430.203,94.01044351426093,95.18153901526547
4.21249092619115,0.2807738593489704,25.489982129438207,0.2829,4.364,5445.547,94.07330867672403,95.18153901526547
4.21289078664588,0.2785021480636809,25.458268002750746,0.2823,4.364,5460.812,94.13534415554247,95.18153901526547
4.211112572428863,0.2587504307696094,25.45505510893633,0.2589,4.352,5476.25,94.19363319503287,95.18153901526547
4.211367977701892,0.2557630342433412,25.455123948075865,0.2589,4.352,5491.719,94.25136495480774,95.18153901526547
4.211491537725814,0.2586964120048879,25.43079659540421,0.2589,4.352,5507.266,94.31005328927087,95.18153901526547
4.211477219378056,0.2557954506380492,25.41439290620559,0.2583,4.352,5522.844,94.36819921598082,95.18153901526547
4.21180543428372,0.2590513958431494,25.395078331129174,0.2583,4.352,5538.531,94.42749729358417,95.18153901526547
4.212135821217793,0.2538268574698684,25.39387232175696,0.2572,4.352,5554.219,94.48560315372939,95.18153901526547
4.212144245919342,0.2558760225111278,25.37854376364229,0.2572,4.352,5569.922,94.54423411338848,95.18153901526547
4.212651440162361,0.2531114910571696,25.36436116027104,0.2567,4.352,5585.703,94.6025196988091,95.18153901526547
4.21254142442035,0.2538850551395294,25.340923068313387,0.2561,4.352,5601.578,94.66133165862408,95.18153901526547
4.213149301116102,0.2556981103750825,25.339192636459323,0.2551,4.352,5617.391,94.72033227793759,95.18153901526547
4.213490046674959,0.2521117073557224,25.320762902147795,0.2551,4.352,5633.141,94.77827359361143,95.18153901526547
4.2137716539996655,0.2489426510546271,25.31587386928613,0.254,4.352,5649.109,94.83627848459786,95.18153901526547
4.212126179655269,0.2297109420691075,25.30751080266089,0.2311,4.339,5665.094,94.88985927357932,95.18153901526547
4.212016596966956,0.2284645861419989,25.29378744550176,0.2311,4.339,5681.125,94.94330269890597,95.18153901526547
4.211741112799395,0.2275221627959744,25.27127006926471,0.2305,4.339,5697.234,94.99678462872367,95.18153901526547
4.2124738996231486,0.226156287817909,25.265648570776595,0.2311,4.339,5713.297,95.04979368922244,95.18153901526547
4.212502090832071,0.2276425601341792,25.265163034737323,0.2305,4.339,5729.312,95.10299167450677,95.18153901526547
4.212783468237375,0.227016980230198,25.233121875908083,0.23,4.339,5745.547,95.15677224640957,95.18153901526547
4.212786124737064,0.2265111312404616,25.23571061444096,0.2294,4.339,5761.828,95.21058502363682,95.18153901526547
4.213188865898373,0.225955348623088,25.21445894808061,0.2289,4.339,5778.141,95.2643712707772,95.18153901526547
4.213362872580047,0.2267572357754208,25.206957586128212,0.2283,4.339,5794.25,95.31767339493236,95.18153901526547
4.213772972554123,0.2256940861177151,25.19113173596268,0.2278,4.339,5810.578,95.37144685125266,95.18153901526547
4.211906940195618,0.2037059596804128,25.18170097039744,0.2038,4.326,5826.812,95.41970204431239,95.18153901526547
4.21189676527653,0.2035585661311248,25.16849774396943,0.2044,4.326,5843.25,95.46852826839898,95.18153901526547
4.2121553636170335,0.2028319200336059,25.14839265566817,0.2038,4.326,5859.766,95.51741105517578,95.18153901526547
4.212108907170257,0.2013553839665317,25.13991579941856,0.2038,4.326,5876.406,95.56630232862877,95.18153901526547
4.212151819942317,0.1986523125378309,25.129989659078817,0.2033,4.326,5892.969,95.61431406445082,95.18153901526547
4.2124503346654905,0.2019132993618053,25.12304377954976,0.2033,4.326,5909.578,95.66324946994304,95.18153901526547
4.212519375754872,0.2017723907368058,25.10743301540668,0.2027,4.326,5926.281,95.71242748570208,95.18153901526547
4.212919054779727,0.1999277106711626,25.10779170000112,0.2022,4.326,5943.016,95.76124925234193,95.18153901526547
4.212641434712513,0.1990478778970144,25.09463330793396,0.2022,4.326,5959.828,95.81007981336226,95.18153901526547
4.2131825636140645,0.1990527725912663,25.074450851219467,0.2016,4.326,5976.641,95.85891447973013,95.18153901526547
4.2133017781875735,0.1980789985060702,25.060193699013062,0.2005,4.326,5993.422,95.90741775317532,95.18153901526547
4.213380563823723,0.2005540491819809,25.04596092483419,0.2005,4.326,6010.297,95.9568021776796,95.18153901526547
4.21388079923342,0.1971368071025103,25.02983227138844,0.2,4.326,6026.031,96.00206291712554,95.18153901526547
4.212087370505989,0.1753289148806083,25.03812421397966,0.1771,4.314,6041.797,96.04239864032188,95.18153901526547
4.21219037810969,0.1757912437888311,25.032216933511656,0.1777,4.314,6057.391,96.0823995206864,95.18153901526547
4.212185317657305,0.1761489628140522,25.01273925210869,0.1771,4.314,6073.312,96.12332230866109,95.18153901526547
4.212280204366287,0.174092638245203,25.006788825967757,0.1766,4.314,6089.062,96.16333297145361,95.18153901526547
4.212501432183068,0.1759215775046453,24.98552661251092,0.1771,4.314,6105.0,96.2042465732589,95.18153901526547
4.212409504322237,0.1752085829216539,24.98111928693898,0.1766,4.314,6121.078,96.24535228593408,95.18153901526547
4.212492527488494,0.1764043520834347,24.97451882272713,0.1766,4.314,6137.141,96.28669992681579,95.18153901526547
4.212846252522248,0.1749845359104565,24.967095167049692,0.176,4.314,6153.266,96.32787308437035,95.18153901526547
4.212898671750717,0.172750608902242,24.952480137354,0.1755,4.314,6169.281,96.36824332245247,95.18153901526547
4.212919704067534,0.1757319426119118,24.948101952296376,0.1755,4.314,6185.344,96.40943335642129,95.18153901526547
4.213514385582364,0.1749872089673408,24.938427254397443,0.1749,4.314,6201.609,96.4509646207718,95.18153901526547
4.213564094128764,0.1714857108022342,24.92615128600649,0.1744,4.314,6217.969,96.49190256387607,95.18153901526547
4.212029942091207,0.1524602102408631,24.918746521986925,0.1515,4.301,6234.281,96.52819185693498,95.18153901526547
4.211585930103626,0.1496414995170875,24.91101264947085,0.1526,4.301,6250.672,96.5639827291864,95.18153901526547
4.211445653087029,0.151698844253475,24.90146785030931,0.152,4.301,6267.078,96.60029887574538,95.18153901526547
4.21142345231091,0.1528239059914521,24.882611168449756,0.1515,4.301,6283.469,96.63685090786184,95.18153901526547
4.21163051470866,0.1509020925959985,24.886623205457965,0.152,4.301,6299.703,96.67259757733957,95.18153901526547
4.211436500235167,0.1533720247711449,24.87405208349735,0.152,4.301,6316.094,96.709280707108,95.18153901526547
4.21171821353814,0.1499840993615896,24.870839290596628,0.1515,4.301,6332.594,96.7453920754041,95.18153901526547
4.211942840804183,0.1529109660044624,24.859597571526947,0.1515,4.301,6349.266,96.78259191903976,95.18153901526547
4.212292585078932,0.1499451421467141,24.84853461687156,0.1509,4.301,6365.953,96.81910306355734,95.18153901526547
4.212228879566383,0.1483739973876682,24.83221349798784,0.1504,4.301,6382.734,96.8554351564179,95.18153901526547
4.212516588336642,0.1524750900297428,24.82544875362685,0.1499,4.301,6399.562,96.89287604804876,95.18153901526547
4.2124930083611325,0.1490250013329671,24.822285431377612,0.1504,4.301,6416.453,96.92960675414585,95.18153901526547
4.212729001165974,0.1492454905385274,24.803310443584188,0.1499,4.301,6433.141,96.96594971360862,95.18153901526547
4.212863851553176,0.1486174911648538,24.80374207652989,0.1493,4.301,6449.922,97.00234143038364,95.18153901526547
4.213095396664696,0.1500033259507858,24.793123106640092,0.1493,4.301,6466.984,97.03968756058813,95.18153901526547
4.21311467243563,0.146544901368066,24.77638029105256,0.1488,4.301,6484.047,97.076174789769,95.18153901526547
4.213377430925224,0.1510672760013317,24.77595270269074,0.1482,4.301,6501.141,97.1138563501658,95.18153901526547
4.213738447540216,0.1460901710533197,24.776177891309448,0.1482,4.301,6518.219,97.15026233531829,95.18153901526547
4.2117288373285495,0.1272132289236542,24.75238115317521,0.1253,4.288,6535.328,97.18202169100398,95.18153901526547
4.211564028733421,0.1230909623228242,24.74295194444974,0.1259,4.288,6552.5,97.21286506128116,95.18153901526547
4.211704265102608,0.1251498166845635,24.74140960729865,0.1259,4.288,6569.703,97.24428093828575,95.18153901526547
4.21187344309154,0.1268098560280615,24.734199817074312,0.1253,4.288,6586.906,97.27611352858023,95.18153901526547
4.211588720111489,0.1250099261841518,24.72952931911052,0.1253,4.288,6604.078,97.30743774092579,95.18153901526547
4.211809871154328,0.1252965947565125,24.71066771440667,0.1253,4.288,6621.469,97.33923418868054,95.18153901526547
4.211911247188617,0.1244942284904232,24.71113801034398,0.1248,4.288,6638.953,97.37099596601452,95.18153901526547
4.211987596512672,0.1222546622021549,24.7009913266962,0.1253,4.288,6656.469,97.40224345670569,95.18153901526547
4.211997353252424,0.1240309497328854,24.70111803888242,0.1242,4.288,6674.031,97.43402820838689,95.18153901526547
4.212162310050364,0.1216796615835899,24.690377701233214,0.1242,4.288,6691.578,97.46518377472034,95.18153901526547
4.212258625512596,0.1243728175336245,24.673908481203696,0.1242,4.288,6709.141,97.49705794989218,95.18153901526547
4.212389408853965,0.1226771791246873,24.675788332257486,0.1242,4.288,6726.812,97.5286908994516,95.18153901526547
4.212648280242886,0.1213190634667559,24.66315303609176,0.1237,4.288,6744.484,97.55997542210292,95.18153901526547
4.212827464139197,0.120874043676177,24.65403766911257,0.1237,4.288,6762.187,97.59119986520015,95.18153901526547
4.212584862381514,0.1207229949207387,24.64372688483447,0.1231,4.288,6780.062,97.62268828249978,95.18153901526547
4.212875755563253,0.122020425623253,24.64373999174244,0.1226,4.288,6797.844,97.65434952267772,95.18153901526547
4.213072635887632,0.1209901179678387,24.640240936667716,0.1226,4.288,6815.703,97.68587936640732,95.18153901526547
4.213270535456785,0.1202499207353499,24.636604755446616,0.1226,4.288,6833.516,97.7171356002582,95.18153901526547
4.213379683438212,0.1210838559814695,24.64222231706758,0.1221,4.288,6851.422,97.74877291418068,95.18153901526547
4.213359504369596,0.1211187710572466,24.632319758887174,0.1215,4.288,6869.406,97.78055720533088,95.18153901526547
4.213506920401286,0.1206081361175632,24.63562730902473,0.1215,4.288,6887.187,97.81185023188854,95.18153901526547
4.213933496327803,0.1220961320619609,24.62293767142677,0.121,4.288,6905.203,97.84394801661168,95.18153901526547
4.211958610894311,0.0978941905653325,24.61365921831044,0.0964,4.276,6923.297,97.86979478710961,95.18153901526547
4.2119462713982925,0.0942979170951691,24.617677047876796,0.097,4.276,6941.516,97.89486404145433,95.18153901526547
4.211851904776628,0.0970742229080246,24.592376767695768,0.0975,4.276,6959.75,97.92069262881044,95.18153901526547
4.211654528452531,0.0975152891191155,24.60395024251277,0.0975,4.276,6978.094,97.94679509460178,95.18153901526547
4.211741793451659,0.095524575895747,24.57196103215923,0.0975,4.276,6996.422,97.97234239267861,95.18153901526547
4.211857652588216,0.0962763556806691,24.579108521406088,0.0975,4.276,7014.797,97.99815677698767,95.18153901526547
4.211878381859894,0.0968245250572337,24.570081671329586,0.0975,4.276,7032.0,98.02246226500843,95.18153901526547
4.211754466178139,0.0955095389626521,24.56452872992148,0.0975,4.276,7049.125,98.04632895047392,95.18153901526547
4.2117398274534565,0.0954761515905411,24.544892283317868,0.097,4.276,7066.453,98.07047010997522,95.18153901526547
4.212050856321995,0.0975900040421585,24.56113363992229,0.097,4.276,7083.844,98.09523547148356,95.18153901526547
4.212031822349413,0.0959787074562826,24.551626600547053,0.097,4.276,7101.281,98.11965635911972,95.18153901526547
4.211954900216777,0.0971176030076874,24.555412310081078,0.0964,4.276,7118.75,98.14441237659277,95.18153901526547
4.2122250956860245,0.095661179026467,24.547478875095983,0.0964,4.276,7136.266,98.16886274721499,95.18153901526547
4.212440387645582,0.0967143956663339,24.53516406199073,0.0959,4.276,7153.859,98.19369097984755,95.18153901526547
4.212517971006033,0.0970521572658335,24.53686168103668,0.0959,4.276,7171.484,98.21865123955389,95.18153901526547
4.212658421391234,0.0969666255541444,24.524102580703502,0.0959,4.276,7189.141,98.24363477985433,95.18153901526547
4.212646334686735,0.0944291663309613,24.52630832424456,0.0953,4.276,7206.812,98.26798383219477,95.18153901526547
4.2126756762923,0.0929835938342552,24.51127195891968,0.0953,4.276,7224.531,98.292025263329,95.18153901526547
4.213010246965418,0.0937490809058551,24.509656326252184,0.0953,4.276,7242.094,98.31605120956267,95.18153901526547
4.212962751604851,0.093133956838321,24.515415531923647,0.0948,4.276,7259.875,98.34021577655274,95.18153901526547
4.21309135012944,0.090537962122877,24.502221437180104,0.0948,4.276,7277.719,98.36379001708117,95.18153901526547
4.213078180296849,0.0927027249471573,24.494977563076244,0.0943,4.276,7295.656,98.38805372051714,95.18153901526547
4.213539564109682,0.091878444956201,24.49544549459679,0.0943,4.276,7313.594,98.41210302033521,95.18153901526547
4.213511828670661,0.0937385043556852,24.473227869595497,0.0943,4.276,7331.625,98.4367664014547,95.18153901526547
4.213406389818576,0.0931521413372526,24.469658026410688,0.0937,4.276,7349.75,98.46140327751756,95.18153901526547
4.213563439540663,0.0931508894744359,24.46605970343208,0.0937,4.276,7367.875,98.48603982248777,95.18153901526547
4.213902154808033,0.0893607041418769,24.466221530651055,0.0937,4.276,7386.062,98.50975478431292,95.18153901526547
4.213867259673218,0.0924439258783747,24.45585291851178,0.0932,4.276,7403.984,98.53393051641528,95.18153901526547
4.213829155427965,0.0920559527783682,24.46118849535241,0.0926,4.276,7422.156,98.55834060673081,95.18153901526547
4.213980444181205,0.0917955010989811,24.46367517731536,0.0926,4.276,7440.484,98.58289059302176,95.18153901526547
4.21428512211361,0.0909736896057956,24.459106643605505,0.0921,4.276,7458.828,98.6072420320863,95.18153901526547
4.214342534575027,0.0913737671565704,24.450395088301192,0.0921,4.276,7477.187,98.63172056204692,95.18153901526547
4.21446886521219,0.0901478437920728,24.44167928533184,0.0915,4.276,7495.562,98.65589172087225,95.18153901526547
4.214644133412343,0.091229830276327,24.447710420823974,0.0915,4.276,7514.031,98.68047812574547,95.18153901526547
4.21322541607976,0.0687472272064474,24.439498469602484,0.0686,4.263,7532.5,98.69900547756546,95.18153901526547
4.212612715360442,0.0681970776285443,24.43287766458452,0.0692,4.263,7551.109,98.71752388271466,95.18153901526547
4.212765118104283,0.0658670469772713,24.423222078068687,0.0697,4.263,7569.687,98.7353797904213,95.18153901526547
4.212479037551051,0.0710432701333092,24.415726957059334,0.0697,4.263,7588.156,98.75452592494467,95.18153901526547
4.212377609870975,0.0710475588163361,24.419954663450465,0.0697,4.263,7606.828,98.77388367062063,95.18153901526547
4.2126538440360815,0.0686485744558814,24.41268898644453,0.0697,4.263,7625.562,98.7926498913366,95.18153901526547
4.212485159365222,0.0689039337628486,24.408773641164277,0.0697,4.263,7644.422,98.8116126049429,95.18153901526547
4.212718820057979,0.0676881591084318,24.399667714077527,0.0692,4.263,7663.141,98.83010146469127,95.18153901526547
4.212198140613864,0.0688883604326854,24.39307839828861,0.0697,4.263,7681.922,98.84898048014765,95.18153901526547
4.212610528405008,0.0679968684879521,24.39512078192713,0.0692,4.263,7700.812,98.86772333107561,95.18153901526547
4.212685294873145,0.0693859685392369,24.390829474936307,0.0692,4.263,7719.703,98.88685008998688,95.18153901526547
4.212929530838351,0.0677103188292298,24.37838919401491,0.0692,4.263,7738.719,98.90563844718795,95.18153901526547
4.212855665244461,0.0691940833205159,24.390721283047437,0.0686,4.263,7757.766,98.9248698215852,95.18153901526547
4.212895778575847,0.0677403048892367,24.39124399226115,0.0686,4.263,7776.844,98.94372778428072,95.18153901526547
4.212983972434301,0.0685787541637518,24.382945317530638,0.0686,4.263,7795.953,98.96285018137569,95.18153901526547
4.212974065335781,0.0683343532800972,24.36599782378225,0.0681,4.263,7815.172,98.9820141149213,95.18153901526547
4.212877255203283,0.0683180998758992,24.365102537240617,0.0681,4.263,7834.422,99.00120439412964,95.18153901526547
4.213362279876739,0.0649993887949555,24.35933564965652,0.0681,4.263,7853.766,99.01955161702978,95.18153901526547
4.213328478122649,0.0671540816345324,24.36313060678636,0.0681,4.263,7873.141,99.03853741723398,95.18153901526547
4.213408231606845,0.0659688503492827,24.3586531406765,0.0681,4.263,7892.547,99.05721797001885,95.18153901526547
4.213548981772613,0.0671881543847345,24.35079721593136,0.0675,4.263,7911.953,99.07624379596331,95.18153901526547
4.213434450711135,0.0672412717600677,24.342670624387008,0.0675,4.263,7931.203,99.09513159848919,95.18153901526547
4.21349280158098,0.0684257183884054,24.335026192833496,0.0675,4.263,7950.578,99.11447691580322,95.18153901526547
4.213504030790296,0.066856287220715,24.33931963602357,0.067,4.263,7970.094,99.13351607850481,95.18153901526547
4.213894955754593,0.0661220282049657,24.33235307026029,0.067,4.263,7989.734,99.1524657825152,95.18153901526547
4.21350838980881,0.0656462720369038,24.32389299467429,0.067,4.263,8009.469,99.17137014254206,95.18153901526547
4.213895971652671,0.066726445056255,24.324951396515203,0.0665,4.263,8028.016,99.18942884076556,95.18153901526547
4.214006313106532,0.0663407507764073,24.313571420656267,0.0665,4.263,8046.656,99.20747318364364,95.18153901526547
4.214226777575296,0.067179645124775,24.315998475912732,0.0659,4.263,8065.391,99.2258388285709,95.18153901526547
4.214167693682882,0.0658240576906378,24.3045643319432,0.0665,4.263,8084.047,99.24375800166109,95.18153901526547
4.214513021926195,0.0655245373279536,24.298101094279136,0.0659,4.263,8102.75,99.26164057512025,95.18153901526547
4.214262415521102,0.0639911370753327,24.295568990777003,0.0659,4.263,8121.547,99.27919243525875,95.18153901526547
4.214649474122534,0.0651946717391619,24.30614601360633,0.0654,4.263,8140.359,99.29708867767214,95.18153901526547
4.21235268573893,0.0439277487805847,24.29495272331073,0.043,4.25,8159.328,99.30924768623676,95.18153901526547
4.212645416333409,0.0415949506895859,24.29641387984353,0.0436,4.25,8178.359,99.32079861761663,95.18153901526547
4.212244505982307,0.0423207464561302,24.30002829346364,0.0441,4.25,8197.234,99.3324547658108,95.18153901526547
4.212237643907261,0.0439607980278284,24.28571922196984,0.0441,4.25,8216.297,99.34468322099751,95.18153901526547
4.212195878699962,0.0446196075240892,24.291096884919213,0.0441,4.25,8235.406,99.35712488552907,95.18153901526547
4.212322763449968,0.0447232554042135,24.279534975734677,0.0441,4.25,8254.469,99.36956543140288,95.18153901526547
4.212217863639117,0.0430371710397748,24.287102348592256,0.0441,4.25,8273.734,99.3816638194566,95.18153901526547
4.212117773923196,0.0427411280187663,24.2749889968606,0.0441,4.25,8293.0,99.39367960909817,95.18153901526547
4.212095161954556,0.0436121281049874,24.285158103741583,0.0441,4.25,8312.359,99.4059994466061,95.18153901526547
4.212291361600462,0.0421635045814533,24.28054469697976,0.0441,4.25,8331.734,99.41791991151916,95.18153901526547
4.2123572705881225,0.0399094077443371,24.260735148402564,0.0441,4.25,8351.156,99.42923046906049,95.18153901526547
4.212208575092774,0.0468819156525165,24.266200758377284,0.0441,4.25,8370.437,99.44242061754831,95.18153901526547
4.212265947780967,0.0451590373887514,24.26107778430636,0.0441,4.25,8389.703,99.45511615271157,95.18153901526547
4.212303716279164,0.0419188911416554,24.26838688195035,0.0441,4.25,8409.109,99.46698642261181,95.18153901526547
4.212287810418046,0.0461498526296349,24.2658364508068,0.0441,4.25,8428.672,99.48016051043527,95.18153901526547
4.212223252374478,0.0443626273475202,24.260289345959823,0.0441,4.25,8448.234,99.49282376374676,95.18153901526547
4.212288119144785,0.043422498778055,24.253269868055188,0.0436,4.25,8467.922,99.50529849485281,95.18153901526547
4.212413128202988,0.0400862253033458,24.250516069962345,0.0436,4.25,8487.672,99.51685102322723,95.18153901526547
4.212289869566805,0.0441759330103375,24.24558092410339,0.0436,4.25,8507.422,99.52958217253618,95.18153901526547
4.212317689350714,0.0445647084700598,24.254296639549292,0.0436,4.25,8527.359,99.54254696769908,95.18153901526547
4.212467092572611,0.0415445882228487,24.22405311958754,0.0436,4.25,8547.281,99.5546240541561,95.18153901526547
4.212443651505184,0.0387693363320084,24.23896504416513,0.0436,4.25,8567.187,99.56588531834734,95.18153901526547
4.212622827417695,0.0427937869879455,24.23005118804608,0.0436,4.25,8587.156,99.57835489813377,95.18153901526547
4.2124035144692105,0.0430368149654764,24.23384179204841,0.0436,4.25,8607.203,99.59094427672981,95.18153901526547
4.212171731886084,0.0425006531520025,24.23583060913236,0.043,4.25,8627.234,99.60336689145251,95.18153901526547
4.212782106577752,0.0432690049229745,24.2305277833496,0.043,4.25,8647.328,99.61605386652022,95.18153901526547
4.212626438663421,0.0405540974432687,24.222249741497087,0.043,4.25,8667.375,99.62791698619448,95.18153901526547
4.212733847851576,0.0428527057388521,24.22088461191808,0.043,4.25,8687.656,99.64059882984238,95.18153901526547
4.212816866273012,0.0415219977931698,24.22423897697107,0.0425,4.25,8708.078,99.65297229368878,95.18153901526547
4.212710035293901,0.0396178975437883,24.21682564766666,0.043,4.25,8728.516,99.66478758952556,95.18153901526547
4.212811276901195,0.0431348921206401,24.219607707986125,0.0425,4.25,8748.953,99.67765113369177,95.18153901526547
4.213186583834643,0.0429692670202132,24.21276582165493,0.0425,4.25,8769.453,99.69050478716264,95.18153901526547
4.212970366757627,0.0435145838703681,24.2038557270055,0.0425,4.25,8789.922,99.70350188061249,95.18153901526547
4.213115323837689,0.0407170070391275,24.204219149861245,0.0425,4.25,8810.516,99.71573765150005,95.18153901526547
4.21321663124702,0.0407840381657239,24.1909169823496,0.0425,4.25,8831.156,99.72802094130091,95.18153901526547
4.21317732575788,0.0413109073819569,24.19611722597203,0.0419,4.25,8851.797,99.74046351577627,95.18153901526547
4.213278607951382,0.0434809369705044,24.204968313974625,0.0414,4.25,8872.187,99.75340043602013,95.18153901526547
4.213151547039455,0.0406906487128779,24.1930493027912,0.0419,4.25,8892.875,99.76568409927158,95.18153901526547
4.213353825720353,0.0414577203838889,24.19497606586579,0.0414,4.25,8913.437,99.77812310173164,95.18153901526547
4.213335292312911,0.0421620888144435,24.192157949180032,0.0414,4.25,8934.266,99.79093770955313,95.18153901526547
4.213441760302433,0.0403819769218245,24.185119300411746,0.0414,4.25,8955.047,99.80318299178921,95.18153901526547
4.213425736394097,0.0395802330454564,24.179009080028877,0.0414,4.25,8975.953,99.81525735049786,95.18153901526547
4.213563365420179,0.0359732151530422,24.17041272547313,0.0414,4.25,8996.844,99.82622347734372,95.18153901526547
4.213766469702712,0.03989733331346,24.185462019364813,0.0408,4.25,9017.578,99.83829443548736,95.18153901526547
4.213551299561386,0.04095757229218,24.192958997434715,0.0414,4.25,9037.328,99.85009807906998,95.18153901526547
4.213486866408002,0.040540163359744,24.177482094778085,0.0408,4.25,9057.219,99.86186483899195,95.18153901526547
4.213751451668148,0.0391265748762823,24.16338895647494,0.0408,4.25,9077.187,99.87326526763033,95.18153901526547
4.213922307114943,0.0399295880341879,24.173254866081763,0.0408,4.25,9097.234,99.884945702192,95.18153901526547
4.213823847248839,0.0398234106703908,24.175248732984343,0.0408,4.25,9117.219,99.8965590487401,95.18153901526547
4.213857078198513,0.0389796504681285,24.171265589694613,0.0403,4.25,9137.328,99.90799686710065,95.18153901526547
4.213885480228872,0.0413718995468416,24.17232698420305,0.0403,4.25,9157.422,99.92012758882602,95.18153901526547
4.214049354908325,0.0380604672800863,24.168805713049867,0.0403,4.25,9177.594,99.93133067963538,95.18153901526547
4.214170286908022,0.0367950785388498,24.15642053800367,0.0397,4.25,9197.859,99.9422112365034,95.18153901526547
4.214174151893887,0.0382182047916863,24.14830753857549,0.0403,4.25,9218.203,99.95355667827602,95.18153901526547
4.214058314825998,0.0393687580893958,24.16457257382299,0.0397,4.25,9238.609,99.96527928993363,95.18153901526547
4.214357935041081,0.0392233758325909,24.151604075551248,0.0397,4.25,9259.031,99.97696776950093,95.18153901526547
4.214092886020728,0.0383111890331636,24.146172051272707,0.0397,4.25,9279.437,99.98837547482293,95.18153901526547
4.2144014447441664,0.0368341209996165,24.142085914954656,0.0392,4.25,9299.984,99.99941914714533,95.18153901526547
4.214399202782495,0.0390420191086161,24.136531653546665,0.0392,4.25,9320.547,100.01113391066221,95.18153901526547
4.214683020359257,0.037008536332988,24.153818757450484,0.0392,4.25,9341.172,100.0222719987271,95.18153901526547
4.212660717122903,0.0126317827848817,24.146065443268103,0.0169,4.238,9361.859,100.02608508774588,95.18153901526547
4.170655598920408,-0.0035103196801035,24.24282228366894,-0.0006,0.002,9382.531,100.02502621457138,95.18153901526547
4.187981864894497,-0.003596376947798,24.30728981992188,-0.0006,0.002,9403.219,100.02394054293062,95.18153901526547
4.192259185932255,-0.0023500924522715,24.306610027894543,-0.0006,0.002,9423.906,100.02323113303375,95.18153901526547
4.194743054548816,-0.0002952326085393,24.30660814794991,-0.0006,0.002,9444.594,100.02314200842997,95.18153901526547
4.19621559349438,-0.0024730257766885,24.31388333410012,-0.0006,0.002,9465.281,100.02239548930491,95.18153901526547
4.196788732694823,-0.002935530275409,24.30943681640141,-0.0006,0.002,9485.828,100.02151535334474,95.18153901526547
4.197815314525401,-0.0034779756674048,24.29870887990097,-0.0006,0.002,9506.375,100.02047258043272,95.18153901526547
4.198158362356318,-0.0011361349026533,24.29346114687576,-0.0006,0.002,9527.359,100.02012469763007,95.18153901526547
4.198527643201722,-0.0042117534410674,24.29653368761685,-0.0006,0.002,9548.359,100.01883408171896,95.18153901526547
4.198958904125459,0.0008352582511457,24.278905509275717,-0.0006,0.002,9569.453,100.01909117723191,95.18153901526547
4.19900009277275,-0.0032379899040652,24.28747829550013,-0.0006,0.002,9590.609,100.01809158279727,95.18153901526547
4.198857141621397,-0.0018647220492327,24.27862968922997,-0.0006,0.002,9611.719,100.01751717924073,95.18153901526547
4.199167560968729,-0.0035242383445818,24.26787893306296,-0.0006,0.002,9632.891,100.01642839471903,95.18153901526547
4.1993349957093455,-0.0035409363452112,24.26933718421217,0.0,0.002,9654.125,100.01533124798803,95.18153901526547
4.199445413574405,-0.0029704018895099,24.25997654072297,-0.0006,0.002,9675.375,100.01441018585528,95.18153901526547
4.19961411326112,-0.0028958282478513,24.250510720438356,0.0,0.002,9696.641,100.01351157142047,95.18153901526547
4.1992970577786535,-0.0017821812307217,24.25223580417952,-0.0006,0.002,9717.906,100.01295856263175,95.18153901526547
4.199566177624856,-0.0030568725236354,24.25499879119699,-0.0006,0.002,9739.281,100.01200511195229,95.18153901526547
4.199559037108343,-0.0038345209071191,24.247663313002988,-0.0006,0.002,9760.547,100.01081520856616,95.18153901526547
4.199395056595993,-0.0009797844390153,24.240123785136905,0.0,0.002,9781.75,100.01051206899503,95.18153901526547
4.199507203321738,-0.0060550548803003,24.22094567364116,-0.0006,0.002,9803.187,100.00861799530041,95.18153901526547
4.199738606326441,-0.0007196579611101,24.22414336750864,0.0,0.002,9824.687,100.00839221846847,95.18153901526547
4.199698217528472,-0.0024628211076956,24.21383181828896,-0.0006,0.002,9846.328,100.00761449541444,95.18153901526547
4.19938149497606,0.0001643888289661,24.21197929217213,0.0,0.002,9868.031,100.0076665557368,95.18153901526547
4.199678830442935,-0.0021923495692756,24.212449316886094,0.0,0.002,9889.812,100.00696976495061,95.18153901526547
4.19935306506536,-0.0007893941693511,24.20792034514584,0.0,0.002,9911.547,100.00671940299246,95.18153901526547
4.199372182976953,-0.0005466099588818,24.20626437185023,-0.0006,0.002,9933.453,100.00654467784965,95.18153901526547
4.19943235509464,-0.0028570166738314,24.21108284472191,-0.0006,0.002,9955.406,100.00562946642417,95.18153901526547
4.199329142054223,-0.0058888068712056,24.198413104396295,-0.0006,0.002,9977.391,100.00374030720387,95.18153901526547
4.199658135712322,-0.0014262787757406,24.18846564022494,-0.0006,0.002,9999.453,100.00328114716852,95.18153901526547
4.199406692512363,-0.0030434688106624,24.177756318755986,-0.0006,0.002,10021.531,100.00230065672453,95.18153901526547
4.199609367644499,-0.0002552203487428,24.18566285710102,0.0,0.002,10041.641,100.0022257635656,95.18153901526547
4.199450669082749,-0.0022268862927818,24.182101417163874,-0.0006,0.002,10061.672,100.00157486179361,95.18153901526547
4.19932174395333,-0.0053628021799249,24.18368835007964,-0.0006,0.002,10081.797,99.99999999999987,95.18153901526547
